time_stamp,last_seen,sensor_index,name,model,firmware_version,latitude,longitude,altitude,temperature_a,temperature_b,time_executed,pm2.5_10minute_a,pm2.5_10minute_b,pm2.5_diff,pm2.5_reldiff,pm2.5_jumpa,pm2.5_jumpb,pm2.5_jumpreldiff,pm2.5_qa_flag,pm2.5_uncorrected_avg,humidity_a,humidity_b,rh_diff,rh_jumpa,rh_jumpb,rh_jumpdiff,rh_qa_flag,rh_avg,pm2.5_corrected,updated_version
2025-06-15 00:00:07,06-14-2025 23:59:14,1202,KSC 19,PA-II,6.06b,42.936554,-72.27102,488,68,None,06-15-2025 00:00:02,15.8,13.9,1.9,13.0,0,0,0,Passed,14.85,79,0,79.0,0,0,0.0,RHZB,79,5.69,True
2025-06-15 00:00:07,06-14-2025 23:59:03,251685,Pembroke_CAMP_Test_BM7,PA-II-SD,7.02,43.13258,-71.4596,211,63,0,06-15-2025 00:00:02,15.2,13.3,1.9,13.0,0,0,0,Passed,14.25,60,0,60.0,0,0,0.0,RHZB,60,6.65,True
2025-06-15 00:00:07,06-14-2025 23:58:24,251687,Pembroke_CAMP_Test_BM8,PA-II-SD,7.02,43.132607,-71.45935,213,62,0,06-15-2025 00:00:02,0.0,15.4,15.4,200.0,0,0,0,QQ,,64,0,64.0,0,0,0.0,RHZB,64,,True
2025-06-15 00:00:07,06-14-2025 23:59:14,244091,Center Harbor Fire Station,PA-II-FLEX,7.04,43.708385,-71.46329,558,67,67,06-15-2025 00:00:02,20.0,18.2,1.8,9.0,0,0,0,Passed,19.1,56,56,0.0,0,0,0.0,Passed,56.0,9.89,True
2025-06-15 00:00:07,06-14-2025 23:59:01,221421,Nashua 2,PA-II-ZEN,7.04,42.7496,-71.51419,198,72,72,06-15-2025 00:00:02,15.8,15.3,0.5,3.0,0,0,0,Passed,15.55,44,44,0.0,0,0,0.0,Passed,44.0,8.57,True
2025-06-15 00:00:07,06-14-2025 23:58:49,220415,Nashua 1,PA-II-ZEN,7.04,42.75815,-71.4652,151,69,69,06-15-2025 00:00:02,16.3,16.3,0.0,0.0,0,0,0,Passed,16.3,51,51,0.0,0,0,0.0,Passed,51.0,8.53,True
2025-06-15 00:00:07,06-14-2025 23:58:51,200757,Sutton Mills,PA-II-ZEN,7.04,43.33507,-71.95151,750,68,68,06-15-2025 00:00:02,17.3,17.6,0.3,2.0,0,0,0,Passed,17.45,51,51,0.0,0,0,0.0,Passed,51.0,9.23,True
2025-06-15 00:00:07,06-14-2025 23:59:32,196631,We Share The Air,PA-II-FLEX,7.04,43.18085,-70.866714,140,66,66,06-15-2025 00:00:02,10.9,11.7,0.8,7.0,0,0,0,Passed,11.3,57,57,0.0,0,0,0.0,Passed,57.0,5.06,True
2025-06-15 00:00:07,05-02-2025 12:16:47,194263,Pembroke_CAMP_40,PA-II-FLEX,7.04,43.13209,-71.46017,204,67,67,06-15-2025 00:00:02,11.8,11.9,0.1,1.0,0,0,0,T,T,,50,50,0,0,0.0,Passed,,,True
2025-06-15 00:00:07,06-14-2025 23:58:52,187097,Convergent,PA-II-FLEX,7.04,42.758415,-71.65097,605,68,68,06-15-2025 00:00:02,15.7,14.6,1.1,7.0,0,0,0,Passed,15.15,56,56,0.0,0,0,0.0,Passed,56.0,7.48,True
2025-06-15 00:00:07,06-14-2025 23:59:00,175137,MHT9 Hanover Street,PA-II-FLEX,7.04,42.990227,-71.43767,357,67,67,06-15-2025 00:00:02,12.9,13.7,0.8,6.0,0,0,0,Passed,13.3,55,55,0.0,0,0,0.0,Passed,55.0,6.42,True
2025-06-15 00:00:07,06-14-2025 23:59:16,160753,KSC 42,PA-II,7.02,42.957714,-72.3163,521,66,0,06-15-2025 00:00:02,19.7,21.6,1.9,9.0,0,0,0,Passed,20.65,58,0,58.0,0,0,0.0,RHZB,58,10.7,True
2025-06-15 00:00:07,06-14-2025 23:59:34,154425,MHT4 North End Manchester,PA-II-SD,7.02,43.023964,-71.46163,383,64,0,06-15-2025 00:00:02,17.4,17.0,0.4,2.0,0,0,0,Passed,17.2,61,0,61.0,0,0,0.0,RHZB,61,8.38,True
2025-06-15 00:00:07,06-14-2025 23:58:57,154045,MHT3 Northwest School Manchester,PA-II-SD,7.02,42.999123,-71.48408,240,64,0,06-15-2025 00:00:02,14.7,14.6,0.1,1.0,0,0,0,Passed,14.65,56,0,56.0,0,0,0.0,RHZB,56,7.18,True
2025-06-15 00:00:07,06-14-2025 23:59:48,154041,MHT2 Glosser/Parkside School2 Manchester,PA-II-SD,7.02,42.988956,-71.47882,190,65,0,06-15-2025 00:00:02,12.4,12.4,0.0,0.0,0,0,0,Passed,12.4,56,0,56.0,0,0,0.0,RHZB,56,5.8,True
2025-06-15 00:00:07,06-14-2025 23:59:25,154001,MHT7 Hayward Street,PA-II-SD,7.02,42.980053,-71.44131,297,66,0,06-15-2025 00:00:02,15.7,12.5,3.2,23.0,0,0,0,Passed,14.1,57,0,57.0,0,0,0.0,RHZB,57,6.77,True
2025-06-15 00:00:07,06-14-2025 23:59:13,189581,New Hampton,PA-II-FLEX,7.04,43.6174,-71.6282,523,67,67,06-15-2025 00:00:02,16.3,19.1,2.8,16.0,0,0,0,Passed,17.7,46,46,0.0,0,0,0.0,Passed,46.0,9.74,True
2025-06-15 00:00:07,06-14-2025 23:59:20,153768,Pembroke_CAMP_Test_BM36,PA-II-SD,7.02,43.13242,-71.458534,229,63,0,06-15-2025 00:00:02,14.3,15.7,1.4,9.0,0,0,0,Passed,15.0,58,0,58.0,0,0,0.0,RHZB,58,7.25,True
2025-06-15 00:00:07,06-14-2025 23:59:12,153987,MHT 6 UU Church,PA-II-SD,7.02,42.998104,-71.45816,250,65,0,06-15-2025 00:00:02,13.6,14.5,0.9,6.0,0,0,0,Passed,14.05,55,0,55.0,0,0,0.0,RHZB,55,6.88,True
2025-06-15 00:00:07,06-14-2025 23:59:21,267199,Pembroke_CAMP_Test_BM30,PA-II-SD,7.02,43.13262,-71.4584,229,62,0,06-15-2025 00:00:02,13.6,16.2,2.6,17.0,0,0,0,Passed,14.9,62,0,62.0,0,0,0.0,RHZB,62,6.91,True
2025-06-15 00:00:07,06-14-2025 23:58:23,267193,Pembroke_CAMP_Test_BM26,PA-II-SD,7.02,43.13261,-71.45895,230,63,0,06-15-2025 00:00:02,15.8,14.6,1.2,8.0,0,0,0,Passed,15.2,60,0,60.0,0,0,0.0,RHZB,60,7.23,True
2025-06-15 00:00:07,06-14-2025 23:58:05,267195,Pembroke_CAMP_Test_BM28,PA-II-SD,7.02,43.132614,-71.45872,231,61,0,06-15-2025 00:00:02,15.1,14.8,0.3,2.0,0,0,0,Passed,14.95,63,0,63.0,0,0,0.0,RHZB,63,6.87,True
2025-06-15 00:00:07,06-14-2025 23:58:26,273601,Heavens Plateau,PA-II-ZEN,7.04,43.520084,-71.81902,960,67,67,06-15-2025 00:00:02,19.4,20.0,0.6,3.0,0,0,0,Passed,19.7,54,54,0.0,0,0,0.0,Passed,54.0,10.4,True
2025-06-15 00:00:07,06-14-2025 23:59:38,12208,KSC 11,PA-II,7.02,42.94131,-72.28043,507,69,0,06-15-2025 00:00:02,18.4,18.9,0.5,3.0,0,0,0,Passed,18.65,52,0,52.0,0,0,0.0,RHZB,52,9.9,True
2025-06-15 00:00:07,06-05-2025 09:55:16,275390,Murphy Dam,PA-II-FLEX,7.02,45.050266,-71.38472,1333,89,89,06-15-2025 00:00:02,32.0,31.0,1.0,3.0,0,0,0,T,T,,37,37,0,0,0.0,Passed,,,True
2025-06-15 00:00:07,06-14-2025 23:58:46,267191,Pembroke_CAMP_Test_BM25,PA-II-SD,7.02,43.132614,-71.459175,220,62,0,06-15-2025 00:00:02,14.4,14.8,0.4,3.0,0,0,0,Passed,14.6,59,0,59.0,0,0,0.0,RHZB,59,6.94,True
2025-06-15 00:00:07,06-14-2025 23:58:53,137660,"Richmond Road, Troy",PA-II,7.02,42.819466,-72.20832,1272,61,0,06-15-2025 00:00:02,11.1,8.4,2.7,28.0,0,0,0,Passed,9.75,70,0,70.0,0,0,0.0,RHZB,70,3.21,True
2025-06-15 00:00:07,06-14-2025 23:58:49,143456,Junder22,PA-II,7.02,43.08963,-71.50244,619,61,0,06-15-2025 00:00:02,15.8,15.4,0.4,3.0,0,0,0,Passed,15.6,66,0,66.0,0,0,0.0,RHZB,66,7.06,True
2025-06-15 00:00:07,06-14-2025 23:58:14,153512,MHT5 Northest Manchester- Cutler Lane,PA-II-SD,7.02,43.01304,-71.41953,495,63,0,06-15-2025 00:00:02,13.1,12.2,0.9,7.0,0,0,0,Passed,12.65,62,0,62.0,0,0,0.0,RHZB,62,5.54,True
2025-06-15 00:00:07,06-14-2025 23:58:45,153734,Pembroke_CAMP_Test_BM33,PA-II-SD,7.02,43.132404,-71.458824,231,62,0,06-15-2025 00:00:02,15.2,16.4,1.2,8.0,0,0,0,Passed,15.8,58,0,58.0,0,0,0.0,RHZB,58,7.74,True
2025-06-15 00:00:07,06-14-2025 23:59:20,153750,Pembroke_CAMP_Test_BM32,PA-II-SD,7.02,43.132385,-71.458916,230,63,0,06-15-2025 00:00:02,14.6,15.7,1.1,7.0,0,0,0,Passed,15.15,57,0,57.0,0,0,0.0,RHZB,57,7.41,True
2025-06-15 00:00:07,06-14-2025 23:58:05,153764,Pembroke_CAMP_Test_BM38,PA-II-SD,7.02,43.13242,-71.45837,231,62,0,06-15-2025 00:00:02,17.1,15.6,1.5,9.0,0,0,0,Passed,16.35,62,0,62.0,0,0,0.0,RHZB,62,7.79,True
2025-06-15 00:00:07,06-14-2025 23:58:20,115703,"Waterville Valley, NH",PA-II,7.02,43.953625,-71.50886,1493,55,0,06-15-2025 00:00:02,9.4,10.9,1.5,15.0,0,0,0,Passed,10.15,64,0,64.0,0,0,0.0,RHZB,64,3.87,True
2025-06-15 00:10:06,06-15-2025 00:07:48,154041,MHT2 Glosser/Parkside School2 Manchester,PA-II-SD,7.02,42.988956,-71.47882,190,65,0,06-15-2025 00:10:02,12.6,12.5,0.1,1.0,0.2,0.1,67.0,Passed,12.55,56,0,56.0,0.0,0,0.0,RHZB,56,5.9,True
2025-06-15 00:10:06,06-15-2025 00:08:57,154045,MHT3 Northwest School Manchester,PA-II-SD,7.02,42.999123,-71.48408,240,63,0,06-15-2025 00:10:02,14.7,14.7,0.0,0.0,0.0,0.1,200.0,Passed,14.7,56,0,56.0,0.0,0,0.0,RHZB,56,7.21,True
2025-06-15 00:10:06,06-15-2025 00:09:34,154425,MHT4 North End Manchester,PA-II-SD,7.02,43.023964,-71.46163,383,64,0,06-15-2025 00:10:02,20.0,19.2,0.8,4.0,2.6,2.2,17.0,Passed,19.6,61,0,61.0,0.0,0,0.0,RHZB,61,9.85,True
2025-06-15 00:10:06,06-15-2025 00:09:16,160753,KSC 42,PA-II,7.02,42.957714,-72.3163,521,65,0,06-15-2025 00:10:02,19.1,20.8,1.7,9.0,0.6,0.8,29.0,Passed,19.95,58,0,58.0,0.0,0,0.0,RHZB,58,10.27,True
2025-06-15 00:10:06,06-15-2025 00:09:00,175137,MHT9 Hanover Street,PA-II-FLEX,7.04,42.990227,-71.43767,357,67,67,06-15-2025 00:10:02,12.9,13.7,0.8,6.0,0.0,0.0,0,Passed,13.3,55,55,0.0,0.0,0.0,0.0,Passed,55.0,6.42,True
2025-06-15 00:10:06,06-15-2025 00:08:52,187097,Convergent,PA-II-FLEX,7.04,42.758415,-71.65097,605,68,68,06-15-2025 00:10:02,15.7,14.5,1.2,8.0,0.0,0.1,200.0,Passed,15.1,56,56,0.0,0.0,0.0,0.0,Passed,56.0,7.45,True
2025-06-15 00:10:06,06-15-2025 00:09:13,189581,New Hampton,PA-II-FLEX,7.04,43.6174,-71.6282,523,67,67,06-15-2025 00:10:02,16.9,19.6,2.7,15.0,0.6,0.5,18.0,Passed,18.25,46,46,0.0,0.0,0.0,0.0,Passed,46.0,10.07,True
2025-06-15 00:10:06,06-15-2025 00:08:49,220415,Nashua 1,PA-II-ZEN,7.04,42.75815,-71.4652,151,67,67,06-15-2025 00:10:02,16.3,16.3,0.0,0.0,0.0,0.0,0,Passed,16.3,52,52,0.0,1.0,1.0,0.0,Passed,52.0,8.46,True
2025-06-15 00:10:06,06-15-2025 00:09:32,196631,We Share The Air,PA-II-FLEX,7.04,43.18085,-70.866714,140,66,66,06-15-2025 00:10:02,11.0,11.6,0.6,5.0,0.1,0.1,0.0,Passed,11.3,56,56,0.0,1.0,1.0,0.0,Passed,56.0,5.13,True
2025-06-15 00:10:06,06-15-2025 00:08:51,200757,Sutton Mills,PA-II-ZEN,7.04,43.33507,-71.95151,750,68,68,06-15-2025 00:10:02,17.7,17.7,0.0,0.0,0.4,0.1,120.0,Passed,17.7,51,51,0.0,0.0,0.0,0.0,Passed,51.0,9.39,True
2025-06-15 00:10:06,06-15-2025 00:09:02,221421,Nashua 2,PA-II-ZEN,7.04,42.7496,-71.51419,198,72,72,06-15-2025 00:10:02,15.5,15.2,0.3,2.0,0.3,0.1,100.0,Passed,15.35,44,44,0.0,0.0,0.0,0.0,Passed,44.0,8.44,True
2025-06-15 00:10:06,06-15-2025 00:09:15,244091,Center Harbor Fire Station,PA-II-FLEX,7.04,43.708385,-71.46329,558,67,67,06-15-2025 00:10:02,20.6,18.9,1.7,9.0,0.6,0.7,15.0,Passed,19.75,56,56,0.0,0.0,0.0,0.0,Passed,56.0,10.29,True
2025-06-15 00:10:06,06-15-2025 00:08:24,251687,Pembroke_CAMP_Test_BM8,PA-II-SD,7.02,43.132607,-71.45935,213,62,0,06-15-2025 00:10:02,0.0,15.3,15.3,200.0,0.0,0.1,200.0,QQ,,62,0,62.0,2.0,0,2.0,RHZB,62,,True
2025-06-15 00:10:06,06-15-2025 00:09:04,251685,Pembroke_CAMP_Test_BM7,PA-II-SD,7.02,43.13258,-71.4596,211,63,0,06-15-2025 00:10:02,15.1,13.4,1.7,12.0,0.1,0.1,0.0,Passed,14.25,59,0,59.0,1.0,0,1.0,RHZB,59,6.72,True
2025-06-15 00:10:06,05-02-2025 12:16:47,194263,Pembroke_CAMP_40,PA-II-FLEX,7.04,43.13209,-71.46017,204,67,67,06-15-2025 00:10:02,11.8,11.9,0.1,1.0,0.0,0.0,0,T,T,,50,50,0,0.0,0.0,Passed,,,True
2025-06-15 00:10:06,06-15-2025 00:09:25,154001,MHT7 Hayward Street,PA-II-SD,7.02,42.980053,-71.44131,297,66,0,06-15-2025 00:10:02,16.8,13.4,3.4,23.0,1.1,0.9,20.0,Passed,15.1,58,0,58.0,1.0,0,1.0,RHZB,58,7.31,True
2025-06-15 00:10:06,06-05-2025 09:55:16,275390,Murphy Dam,PA-II-FLEX,7.02,45.050266,-71.38472,1333,89,89,06-15-2025 00:10:02,32.0,31.0,1.0,3.0,0.0,0.0,0,T,T,,37,37,0,0.0,0.0,Passed,,,True
2025-06-15 00:10:06,06-15-2025 00:09:20,153768,Pembroke_CAMP_Test_BM36,PA-II-SD,7.02,43.13242,-71.458534,229,62,0,06-15-2025 00:10:02,14.4,15.9,1.5,10.0,0.1,0.2,67.0,Passed,15.15,57,0,57.0,1.0,0,1.0,RHZB,57,7.41,True
2025-06-15 00:10:06,06-15-2025 00:09:12,153987,MHT 6 UU Church,PA-II-SD,7.02,42.998104,-71.45816,250,65,0,06-15-2025 00:10:02,13.7,14.2,0.5,4.0,0.1,0.3,100.0,Passed,13.95,55,0,55.0,0.0,0,0.0,RHZB,55,6.82,True
2025-06-15 00:10:06,06-15-2025 00:08:46,267191,Pembroke_CAMP_Test_BM25,PA-II-SD,7.02,43.132614,-71.459175,220,62,0,06-15-2025 00:10:02,14.7,14.9,0.2,1.0,0.3,0.1,100.0,Passed,14.8,58,0,58.0,1.0,0,1.0,RHZB,58,7.13,True
2025-06-15 00:10:06,06-15-2025 00:09:21,267199,Pembroke_CAMP_Test_BM30,PA-II-SD,7.02,43.13262,-71.4584,229,62,0,06-15-2025 00:10:02,13.7,16.2,2.5,17.0,0.1,0.0,200.0,Passed,14.95,61,0,61.0,1.0,0,1.0,RHZB,61,7.01,True
2025-06-15 00:10:06,06-15-2025 00:08:23,267193,Pembroke_CAMP_Test_BM26,PA-II-SD,7.02,43.13261,-71.45895,230,63,0,06-15-2025 00:10:02,15.8,14.5,1.3,9.0,0.0,0.1,200.0,Passed,15.15,59,0,59.0,1.0,0,1.0,RHZB,59,7.27,True
2025-06-15 00:10:06,06-15-2025 00:08:05,267195,Pembroke_CAMP_Test_BM28,PA-II-SD,7.02,43.132614,-71.45872,231,61,0,06-15-2025 00:10:02,15.2,14.8,0.4,3.0,0.1,0.0,200.0,Passed,15.0,62,0,62.0,1.0,0,1.0,RHZB,62,6.97,True
2025-06-15 00:10:06,06-15-2025 00:08:25,273601,Heavens Plateau,PA-II-ZEN,7.04,43.520084,-71.81902,960,67,67,06-15-2025 00:10:02,19.4,19.8,0.4,2.0,0.0,0.2,200.0,Passed,19.6,54,54,0.0,0.0,0.0,0.0,Passed,54.0,10.34,True
2025-06-15 00:10:06,06-15-2025 00:09:38,12208,KSC 11,PA-II,7.02,42.94131,-72.28043,507,69,0,06-15-2025 00:10:02,17.6,18.2,0.6,3.0,0.8,0.7,13.0,Passed,17.9,52,0,52.0,0.0,0,0.0,RHZB,52,9.44,True
2025-06-15 00:10:06,06-15-2025 00:09:15,1202,KSC 19,PA-II,6.06b,42.936554,-72.27102,488,68,0,06-15-2025 00:10:02,15.6,13.6,2.0,14.0,0.2,0.3,40.0,Passed,14.6,82,0,82.0,3.0,0,3.0,RHZB,82,5.33,True
2025-06-15 00:10:06,06-15-2025 00:08:20,115703,"Waterville Valley, NH",PA-II,7.02,43.953625,-71.50886,1493,54,0,06-15-2025 00:10:02,9.4,10.9,1.5,15.0,0.0,0.0,0,Passed,10.15,64,0,64.0,0.0,0,0.0,RHZB,64,3.87,True
2025-06-15 00:10:06,06-15-2025 00:08:53,137660,"Richmond Road, Troy",PA-II,7.02,42.819466,-72.20832,1272,61,0,06-15-2025 00:10:02,11.2,8.2,3.0,31.0,0.1,0.2,67.0,Passed,9.7,71,0,71.0,1.0,0,1.0,RHZB,71,3.11,True
2025-06-15 00:10:06,06-15-2025 00:08:49,143456,Junder22,PA-II,7.02,43.08963,-71.50244,619,61,0,06-15-2025 00:10:02,15.9,15.4,0.5,3.0,0.1,0.0,200.0,Passed,15.65,66,0,66.0,0.0,0,0.0,RHZB,66,7.09,True
2025-06-15 00:10:06,06-15-2025 00:06:14,153512,MHT5 Northest Manchester- Cutler Lane,PA-II-SD,7.02,43.01304,-71.41953,495,63,0,06-15-2025 00:10:02,12.9,12.2,0.7,6.0,0.2,0.0,200.0,Passed,12.55,62,0,62.0,0.0,0,0.0,RHZB,62,5.48,True
2025-06-15 00:10:06,06-15-2025 00:08:45,153734,Pembroke_CAMP_Test_BM33,PA-II-SD,7.02,43.132404,-71.458824,231,62,0,06-15-2025 00:10:02,15.3,16.5,1.2,8.0,0.1,0.1,0.0,Passed,15.9,58,0,58.0,0.0,0,0.0,RHZB,58,7.8,True
2025-06-15 00:10:06,06-15-2025 00:09:20,153750,Pembroke_CAMP_Test_BM32,PA-II-SD,7.02,43.132385,-71.458916,230,63,0,06-15-2025 00:10:02,15.1,16.2,1.1,7.0,0.5,0.5,0.0,Passed,15.65,56,0,56.0,1.0,0,1.0,RHZB,56,7.79,True
2025-06-15 00:10:06,06-15-2025 00:08:05,153764,Pembroke_CAMP_Test_BM38,PA-II-SD,7.02,43.13242,-71.45837,231,63,0,06-15-2025 00:10:02,16.9,15.9,1.0,6.0,0.2,0.3,40.0,Passed,16.4,61,0,61.0,1.0,0,1.0,RHZB,61,7.89,True
2025-06-15 00:20:06,06-15-2025 00:18:57,154045,MHT3 Northwest School Manchester,PA-II-SD,7.02,42.999123,-71.48408,240,63,0,06-15-2025 00:20:02,15.6,15.3,0.3,2.0,0.9,0.6,40.0,Passed,15.45,56,0,56.0,0.0,0,0.0,RHZB,56,7.66,True
2025-06-15 00:20:06,06-15-2025 00:19:34,154425,MHT4 North End Manchester,PA-II-SD,7.02,43.023964,-71.46163,383,63,0,06-15-2025 00:20:02,22.7,22.6,0.1,0.0,2.7,3.4,23.0,Passed,22.65,61,0,61.0,0.0,0,0.0,RHZB,61,11.71,True
2025-06-15 00:20:06,06-15-2025 00:19:16,160753,KSC 42,PA-II,7.02,42.957714,-72.3163,521,65,0,06-15-2025 00:20:02,18.6,20.3,1.7,9.0,0.5,0.5,0.0,Passed,19.45,59,0,59.0,1.0,0,1.0,RHZB,59,9.89,True
2025-06-15 00:20:06,06-15-2025 00:19:00,175137,MHT9 Hanover Street,PA-II-FLEX,7.04,42.990227,-71.43767,357,67,67,06-15-2025 00:20:02,12.6,13.3,0.7,5.0,0.3,0.4,29.0,Passed,12.95,55,55,0.0,0.0,0.0,0.0,Passed,55.0,6.21,True
2025-06-15 00:20:06,06-15-2025 00:18:52,187097,Convergent,PA-II-FLEX,7.04,42.758415,-71.65097,605,68,68,06-15-2025 00:20:02,16.0,14.2,1.8,12.0,0.3,0.3,0.0,Passed,15.1,55,55,0.0,1.0,1.0,0.0,Passed,55.0,7.52,True
2025-06-15 00:20:06,06-15-2025 00:19:13,189581,New Hampton,PA-II-FLEX,7.04,43.6174,-71.6282,523,66,66,06-15-2025 00:20:02,17.7,19.9,2.2,12.0,0.8,0.3,91.0,Passed,18.8,46,46,0.0,0.0,0.0,0.0,Passed,46.0,10.41,True
2025-06-15 00:20:06,05-02-2025 12:16:47,194263,Pembroke_CAMP_40,PA-II-FLEX,7.04,43.13209,-71.46017,204,67,67,06-15-2025 00:20:02,11.8,11.9,0.1,1.0,0.0,0.0,0,T,T,,50,50,0,0.0,0.0,Passed,,,True
2025-06-15 00:20:06,06-15-2025 00:18:50,220415,Nashua 1,PA-II-ZEN,7.04,42.75815,-71.4652,151,68,68,06-15-2025 00:20:02,15.8,16.2,0.4,2.0,0.5,0.1,133.0,Passed,16.0,52,52,0.0,0.0,0.0,0.0,Passed,52.0,8.28,True
2025-06-15 00:20:06,06-15-2025 00:18:51,200757,Sutton Mills,PA-II-ZEN,7.04,43.33507,-71.95151,750,68,68,06-15-2025 00:20:02,17.4,17.5,0.1,1.0,0.3,0.2,40.0,Passed,17.45,51,51,0.0,0.0,0.0,0.0,Passed,51.0,9.23,True
2025-06-15 00:20:06,06-15-2025 00:19:48,154041,MHT2 Glosser/Parkside School2 Manchester,PA-II-SD,7.02,42.988956,-71.47882,190,65,0,06-15-2025 00:20:02,12.4,12.6,0.2,2.0,0.2,0.1,67.0,Passed,12.5,56,0,56.0,0.0,0,0.0,RHZB,56,5.87,True
2025-06-15 00:20:06,06-15-2025 00:19:02,221421,Nashua 2,PA-II-ZEN,7.04,42.7496,-71.51419,198,73,73,06-15-2025 00:20:02,15.6,15.5,0.1,1.0,0.1,0.3,100.0,Passed,15.55,43,43,0.0,1.0,1.0,0.0,Passed,43.0,8.64,True
2025-06-15 00:20:06,06-15-2025 00:19:15,244091,Center Harbor Fire Station,PA-II-FLEX,7.04,43.708385,-71.46329,558,67,67,06-15-2025 00:20:02,21.0,19.6,1.4,7.0,0.4,0.7,55.0,Passed,20.3,55,55,0.0,1.0,1.0,0.0,Passed,55.0,10.69,True
2025-06-15 00:20:06,06-15-2025 00:18:24,251687,Pembroke_CAMP_Test_BM8,PA-II-SD,7.02,43.132607,-71.45935,213,63,0,06-15-2025 00:20:02,0.0,15.0,15.0,200.0,0.0,0.3,200.0,QQ,,62,0,62.0,0.0,0,0.0,RHZB,62,,True
2025-06-15 00:20:06,06-15-2025 00:19:03,251685,Pembroke_CAMP_Test_BM7,PA-II-SD,7.02,43.13258,-71.4596,211,63,0,06-15-2025 00:20:02,15.2,13.0,2.2,16.0,0.1,0.4,120.0,Passed,14.1,59,0,59.0,0.0,0,0.0,RHZB,59,6.63,True
2025-06-15 00:20:06,06-15-2025 00:19:32,196631,We Share The Air,PA-II-FLEX,7.04,43.18085,-70.866714,140,66,66,06-15-2025 00:20:02,10.7,11.5,0.8,7.0,0.3,0.1,100.0,Passed,11.1,56,56,0.0,0.0,0.0,0.0,Passed,56.0,5.01,True
2025-06-15 00:20:06,06-15-2025 00:19:25,154001,MHT7 Hayward Street,PA-II-SD,7.02,42.980053,-71.44131,297,65,0,06-15-2025 00:20:02,17.3,14.2,3.1,20.0,0.5,0.8,46.0,Passed,15.75,58,0,58.0,0.0,0,0.0,RHZB,58,7.71,True
2025-06-15 00:20:06,06-05-2025 09:55:16,275390,Murphy Dam,PA-II-FLEX,7.02,45.050266,-71.38472,1333,89,89,06-15-2025 00:20:02,32.0,31.0,1.0,3.0,0.0,0.0,0,T,T,,37,37,0,0.0,0.0,Passed,,,True
2025-06-15 00:20:06,06-15-2025 00:17:20,153768,Pembroke_CAMP_Test_BM36,PA-II-SD,7.02,43.13242,-71.458534,229,63,0,06-15-2025 00:20:02,14.4,16.2,1.8,12.0,0.0,0.3,200.0,Passed,15.3,58,0,58.0,1.0,0,1.0,RHZB,58,7.43,True
2025-06-15 00:20:06,06-15-2025 00:18:46,267191,Pembroke_CAMP_Test_BM25,PA-II-SD,7.02,43.132614,-71.459175,220,63,0,06-15-2025 00:20:02,14.5,14.9,0.4,3.0,0.2,0.0,200.0,Passed,14.7,58,0,58.0,0.0,0,0.0,RHZB,58,7.07,True
2025-06-15 00:20:06,06-15-2025 00:19:21,267199,Pembroke_CAMP_Test_BM30,PA-II-SD,7.02,43.13262,-71.4584,229,62,0,06-15-2025 00:20:02,14.3,16.6,2.3,15.0,0.6,0.4,40.0,Passed,15.45,62,0,62.0,1.0,0,1.0,RHZB,62,7.24,True
2025-06-15 00:20:06,06-15-2025 00:18:24,267193,Pembroke_CAMP_Test_BM26,PA-II-SD,7.02,43.13261,-71.45895,230,63,0,06-15-2025 00:20:02,15.5,14.5,1.0,7.0,0.3,0.0,200.0,Passed,15.0,60,0,60.0,1.0,0,1.0,RHZB,60,7.11,True
2025-06-15 00:20:06,06-15-2025 00:18:05,267195,Pembroke_CAMP_Test_BM28,PA-II-SD,7.02,43.132614,-71.45872,231,62,0,06-15-2025 00:20:02,15.1,14.9,0.2,1.0,0.1,0.1,0.0,Passed,15.0,62,0,62.0,0.0,0,0.0,RHZB,62,6.97,True
2025-06-15 00:20:06,06-15-2025 00:18:25,273601,Heavens Plateau,PA-II-ZEN,7.04,43.520084,-71.81902,960,66,66,06-15-2025 00:20:02,19.4,19.9,0.5,3.0,0.0,0.1,200.0,Passed,19.65,54,54,0.0,0.0,0.0,0.0,Passed,54.0,10.37,True
2025-06-15 00:20:06,06-15-2025 00:19:38,12208,KSC 11,PA-II,7.02,42.94131,-72.28043,507,69,0,06-15-2025 00:20:02,18.3,19.3,1.0,5.0,0.7,1.1,44.0,Passed,18.8,52,0,52.0,0.0,0,0.0,RHZB,52,9.99,True
2025-06-15 00:20:06,06-15-2025 00:19:15,1202,KSC 19,PA-II,6.06b,42.936554,-72.27102,488,68,0,06-15-2025 00:20:02,15.4,13.5,1.9,13.0,0.2,0.1,67.0,Passed,14.45,84,0,84.0,2.0,0,2.0,RHZB,84,5.09,True
2025-06-15 00:20:06,06-15-2025 00:19:12,153987,MHT 6 UU Church,PA-II-SD,7.02,42.998104,-71.45816,250,65,0,06-15-2025 00:20:02,13.2,13.7,0.5,4.0,0.5,0.5,0.0,Passed,13.45,55,0,55.0,0.0,0,0.0,RHZB,55,6.51,True
2025-06-15 00:20:06,06-15-2025 00:18:53,137660,"Richmond Road, Troy",PA-II,7.02,42.819466,-72.20832,1272,61,0,06-15-2025 00:20:02,11.0,8.5,2.5,26.0,0.2,0.3,40.0,Passed,9.75,71,0,71.0,0.0,0,0.0,RHZB,71,3.14,True
2025-06-15 00:20:06,06-15-2025 00:18:50,143456,Junder22,PA-II,7.02,43.08963,-71.50244,619,61,0,06-15-2025 00:20:02,16.0,15.3,0.7,4.0,0.1,0.1,0.0,Passed,15.65,66,0,66.0,0.0,0,0.0,RHZB,66,7.09,True
2025-06-15 00:20:06,06-15-2025 00:18:14,153512,MHT5 Northest Manchester- Cutler Lane,PA-II-SD,7.02,43.01304,-71.41953,495,63,0,06-15-2025 00:20:02,13.0,12.3,0.7,6.0,0.1,0.1,0.0,Passed,12.65,62,0,62.0,0.0,0,0.0,RHZB,62,5.54,True
2025-06-15 00:20:06,06-15-2025 00:18:45,153734,Pembroke_CAMP_Test_BM33,PA-II-SD,7.02,43.132404,-71.458824,231,63,0,06-15-2025 00:20:02,15.3,16.4,1.1,7.0,0.0,0.1,200.0,Passed,15.85,58,0,58.0,0.0,0,0.0,RHZB,58,7.77,True
2025-06-15 00:20:06,06-15-2025 00:17:20,153750,Pembroke_CAMP_Test_BM32,PA-II-SD,7.02,43.132385,-71.458916,230,63,0,06-15-2025 00:20:02,15.1,15.7,0.6,4.0,0.0,0.5,200.0,Passed,15.4,57,0,57.0,1.0,0,1.0,RHZB,57,7.56,True
2025-06-15 00:20:06,06-15-2025 00:18:05,153764,Pembroke_CAMP_Test_BM38,PA-II-SD,7.02,43.13242,-71.45837,231,63,0,06-15-2025 00:20:02,16.9,15.8,1.1,7.0,0.0,0.1,200.0,Passed,16.35,62,0,62.0,1.0,0,1.0,RHZB,62,7.79,True
2025-06-15 00:20:06,06-15-2025 00:18:20,115703,"Waterville Valley, NH",PA-II,7.02,43.953625,-71.50886,1493,54,0,06-15-2025 00:20:02,9.3,10.6,1.3,13.0,0.1,0.3,100.0,Passed,9.95,64,0,64.0,0.0,0,0.0,RHZB,64,3.75,True
2025-06-15 00:30:06,06-15-2025 00:29:48,154041,MHT2 Glosser/Parkside School2 Manchester,PA-II-SD,7.02,42.988956,-71.47882,190,64,0,06-15-2025 00:30:02,12.8,13.2,0.4,3.0,0.4,0.6,40.0,Passed,13.0,56,0,56.0,0.0,0,0.0,RHZB,56,6.17,True
2025-06-15 00:30:06,06-15-2025 00:28:57,154045,MHT3 Northwest School Manchester,PA-II-SD,7.02,42.999123,-71.48408,240,64,0,06-15-2025 00:30:02,15.9,15.5,0.4,3.0,0.3,0.2,40.0,Passed,15.7,55,0,55.0,1.0,0,1.0,RHZB,55,7.89,True
2025-06-15 00:30:06,06-15-2025 00:29:34,154425,MHT4 North End Manchester,PA-II-SD,7.02,43.023964,-71.46163,383,63,0,06-15-2025 00:30:02,22.8,22.4,0.4,2.0,0.1,0.2,67.0,Passed,22.6,61,0,61.0,0.0,0,0.0,RHZB,61,11.68,True
2025-06-15 00:30:06,06-15-2025 00:29:16,160753,KSC 42,PA-II,7.02,42.957714,-72.3163,521,65,0,06-15-2025 00:30:02,18.0,20.1,2.1,11.0,0.6,0.2,100.0,Passed,19.05,59,0,59.0,0.0,0,0.0,RHZB,59,9.65,True
2025-06-15 00:30:06,06-15-2025 00:29:01,175137,MHT9 Hanover Street,PA-II-FLEX,7.04,42.990227,-71.43767,357,66,66,06-15-2025 00:30:02,12.7,13.2,0.5,4.0,0.1,0.1,0.0,Passed,12.95,56,56,0.0,1.0,1.0,0.0,Passed,56.0,6.14,True
2025-06-15 00:30:06,06-15-2025 00:28:52,187097,Convergent,PA-II-FLEX,7.04,42.758415,-71.65097,605,68,68,06-15-2025 00:30:02,15.9,14.3,1.6,11.0,0.1,0.1,0.0,Passed,15.1,55,55,0.0,0.0,0.0,0.0,Passed,55.0,7.52,True
2025-06-15 00:30:06,06-15-2025 00:29:14,189581,New Hampton,PA-II-FLEX,7.04,43.6174,-71.6282,523,66,66,06-15-2025 00:30:02,18.2,20.1,1.9,10.0,0.5,0.2,86.0,Passed,19.15,47,47,0.0,1.0,1.0,0.0,Passed,47.0,10.55,True
2025-06-15 00:30:06,06-15-2025 00:29:04,251685,Pembroke_CAMP_Test_BM7,PA-II-SD,7.02,43.13258,-71.4596,211,63,0,06-15-2025 00:30:02,15.4,13.0,2.4,17.0,0.2,0.0,200.0,Passed,14.2,60,0,60.0,1.0,0,1.0,RHZB,60,6.62,True
2025-06-15 00:30:06,06-15-2025 00:29:32,196631,We Share The Air,PA-II-FLEX,7.04,43.18085,-70.866714,140,66,66,06-15-2025 00:30:02,10.6,11.3,0.7,6.0,0.1,0.2,67.0,Passed,10.95,55,55,0.0,1.0,1.0,0.0,Passed,55.0,4.99,True
2025-06-15 00:30:06,06-15-2025 00:28:52,200757,Sutton Mills,PA-II-ZEN,7.04,43.33507,-71.95151,750,68,68,06-15-2025 00:30:02,17.4,17.5,0.1,1.0,0.0,0.0,0,Passed,17.45,51,51,0.0,0.0,0.0,0.0,Passed,51.0,9.23,True
2025-06-15 00:30:06,06-15-2025 00:29:02,221421,Nashua 2,PA-II-ZEN,7.04,42.7496,-71.51419,198,72,72,06-15-2025 00:30:02,15.7,15.4,0.3,2.0,0.1,0.1,0.0,Passed,15.55,45,45,0.0,2.0,2.0,0.0,Passed,45.0,8.5,True
2025-06-15 00:30:06,06-15-2025 00:29:15,244091,Center Harbor Fire Station,PA-II-FLEX,7.04,43.708385,-71.46329,558,68,68,06-15-2025 00:30:02,21.5,20.1,1.4,7.0,0.5,0.5,0.0,Passed,20.8,55,55,0.0,0.0,0.0,0.0,Passed,55.0,11.0,True
2025-06-15 00:30:06,06-15-2025 00:28:24,251687,Pembroke_CAMP_Test_BM8,PA-II-SD,7.02,43.132607,-71.45935,213,62,0,06-15-2025 00:30:02,0.0,15.0,15.0,200.0,0.0,0.0,0,QQ,,63,0,63.0,1.0,0,1.0,RHZB,63,,True
2025-06-15 00:30:06,06-15-2025 00:29:25,154001,MHT7 Hayward Street,PA-II-SD,7.02,42.980053,-71.44131,297,65,0,06-15-2025 00:30:02,17.9,14.6,3.3,20.0,0.6,0.4,40.0,Passed,16.25,58,0,58.0,0.0,0,0.0,RHZB,58,8.01,True
2025-06-15 00:30:06,05-02-2025 12:16:47,194263,Pembroke_CAMP_40,PA-II-FLEX,7.04,43.13209,-71.46017,204,67,67,06-15-2025 00:30:02,11.8,11.9,0.1,1.0,0.0,0.0,0,T,T,,50,50,0,0.0,0.0,Passed,,,True
2025-06-15 00:30:06,06-15-2025 00:28:51,220415,Nashua 1,PA-II-ZEN,7.04,42.75815,-71.4652,151,68,68,06-15-2025 00:30:02,15.3,15.7,0.4,3.0,0.5,0.5,0.0,Passed,15.5,52,52,0.0,0.0,0.0,0.0,Passed,52.0,7.97,True
2025-06-15 00:30:06,06-15-2025 00:29:13,153987,MHT 6 UU Church,PA-II-SD,7.02,42.998104,-71.45816,250,64,0,06-15-2025 00:30:02,13.2,13.6,0.4,3.0,0.0,0.1,200.0,Passed,13.4,56,0,56.0,1.0,0,1.0,RHZB,56,6.41,True
2025-06-15 00:30:06,06-15-2025 00:28:05,153764,Pembroke_CAMP_Test_BM38,PA-II-SD,7.02,43.13242,-71.45837,231,62,0,06-15-2025 00:30:02,17.3,16.2,1.1,7.0,0.4,0.4,0.0,Passed,16.75,61,0,61.0,1.0,0,1.0,RHZB,61,8.11,True
2025-06-15 00:30:06,06-15-2025 00:29:21,153768,Pembroke_CAMP_Test_BM36,PA-II-SD,7.02,43.13242,-71.458534,229,62,0,06-15-2025 00:30:02,14.4,16.3,1.9,12.0,0.0,0.1,200.0,Passed,15.35,58,0,58.0,0.0,0,0.0,RHZB,58,7.46,True
2025-06-15 00:30:06,06-15-2025 00:29:15,1202,KSC 19,PA-II,6.06b,42.936554,-72.27102,488,68,0,06-15-2025 00:30:02,15.4,13.2,2.2,15.0,0.0,0.3,200.0,Passed,14.3,83,0,83.0,1.0,0,1.0,RHZB,83,5.07,True
2025-06-15 00:30:06,06-15-2025 00:28:46,267191,Pembroke_CAMP_Test_BM25,PA-II-SD,7.02,43.132614,-71.459175,220,62,0,06-15-2025 00:30:02,14.7,14.6,0.1,1.0,0.2,0.3,40.0,Passed,14.65,59,0,59.0,1.0,0,1.0,RHZB,59,6.97,True
2025-06-15 00:30:06,06-15-2025 00:27:21,267199,Pembroke_CAMP_Test_BM30,PA-II-SD,7.02,43.13262,-71.4584,229,62,0,06-15-2025 00:30:02,14.2,16.5,2.3,15.0,0.1,0.1,0.0,Passed,15.35,62,0,62.0,0.0,0,0.0,RHZB,62,7.18,True
2025-06-15 00:30:06,06-15-2025 00:28:05,267195,Pembroke_CAMP_Test_BM28,PA-II-SD,7.02,43.132614,-71.45872,231,61,0,06-15-2025 00:30:02,14.9,14.8,0.1,1.0,0.2,0.1,67.0,Passed,14.85,62,0,62.0,0.0,0,0.0,RHZB,62,6.88,True
2025-06-15 00:30:06,06-15-2025 00:28:25,273601,Heavens Plateau,PA-II-ZEN,7.04,43.520084,-71.81902,960,66,66,06-15-2025 00:30:02,19.9,20.4,0.5,2.0,0.5,0.5,0.0,Passed,20.15,54,54,0.0,0.0,0.0,0.0,Passed,54.0,10.67,True
2025-06-15 00:30:06,06-15-2025 00:29:38,12208,KSC 11,PA-II,7.02,42.94131,-72.28043,507,68,0,06-15-2025 00:30:02,20.1,21.5,1.4,7.0,1.8,2.2,20.0,Passed,20.8,52,0,52.0,0.0,0,0.0,RHZB,52,11.21,True
2025-06-15 00:30:06,06-15-2025 00:28:24,267193,Pembroke_CAMP_Test_BM26,PA-II-SD,7.02,43.13261,-71.45895,230,63,0,06-15-2025 00:30:02,15.8,14.7,1.1,7.0,0.3,0.2,40.0,Passed,15.25,60,0,60.0,0.0,0,0.0,RHZB,60,7.26,True
2025-06-15 00:30:06,06-15-2025 00:28:20,115703,"Waterville Valley, NH",PA-II,7.02,43.953625,-71.50886,1493,54,0,06-15-2025 00:30:02,9.1,10.5,1.4,14.0,0.2,0.1,67.0,Passed,9.8,64,0,64.0,0.0,0,0.0,RHZB,64,3.66,True
2025-06-15 00:30:06,06-15-2025 00:28:53,137660,"Richmond Road, Troy",PA-II,7.02,42.819466,-72.20832,1272,61,0,06-15-2025 00:30:02,11.1,8.8,2.3,23.0,0.1,0.3,100.0,Passed,9.95,71,0,71.0,0.0,0,0.0,RHZB,71,3.26,True
2025-06-15 00:30:06,06-15-2025 00:28:50,143456,Junder22,PA-II,7.02,43.08963,-71.50244,619,60,0,06-15-2025 00:30:02,15.7,15.0,0.7,5.0,0.3,0.3,0.0,Passed,15.35,66,0,66.0,0.0,0,0.0,RHZB,66,6.9,True
2025-06-15 00:30:06,06-15-2025 00:28:14,153512,MHT5 Northest Manchester- Cutler Lane,PA-II-SD,7.02,43.01304,-71.41953,495,62,0,06-15-2025 00:30:02,13.1,12.5,0.6,5.0,0.1,0.2,67.0,Passed,12.8,63,0,63.0,1.0,0,1.0,RHZB,63,5.56,True
2025-06-15 00:30:06,06-15-2025 00:28:45,153734,Pembroke_CAMP_Test_BM33,PA-II-SD,7.02,43.132404,-71.458824,231,62,0,06-15-2025 00:30:02,15.4,16.8,1.4,9.0,0.1,0.4,120.0,Passed,16.1,59,0,59.0,1.0,0,1.0,RHZB,59,7.85,True
2025-06-15 00:30:06,06-15-2025 00:29:21,153750,Pembroke_CAMP_Test_BM32,PA-II-SD,7.02,43.132385,-71.458916,230,63,0,06-15-2025 00:30:02,15.2,15.8,0.6,4.0,0.1,0.1,0.0,Passed,15.5,57,0,57.0,0.0,0,0.0,RHZB,57,7.62,True
2025-06-15 00:30:06,06-05-2025 09:55:16,275390,Murphy Dam,PA-II-FLEX,7.02,45.050266,-71.38472,1333,89,89,06-15-2025 00:30:02,32.0,31.0,1.0,3.0,0.0,0.0,0,T,T,,37,37,0,0.0,0.0,Passed,,,True
2025-06-15 00:40:06,06-15-2025 00:39:14,189581,New Hampton,PA-II-FLEX,7.04,43.6174,-71.6282,523,66,66,06-15-2025 00:40:02,18.4,20.5,2.1,11.0,0.2,0.4,67.0,Passed,19.45,46,46,0.0,1.0,1.0,0.0,Passed,46.0,10.8,True
2025-06-15 00:40:06,06-15-2025 00:38:57,154045,MHT3 Northwest School Manchester,PA-II-SD,7.02,42.999123,-71.48408,240,63,0,06-15-2025 00:40:02,15.7,15.3,0.4,3.0,0.2,0.2,0.0,Passed,15.5,56,0,56.0,1.0,0,1.0,RHZB,56,7.7,True
2025-06-15 00:40:06,06-15-2025 00:39:34,154425,MHT4 North End Manchester,PA-II-SD,7.02,43.023964,-71.46163,383,63,0,06-15-2025 00:40:02,21.6,21.0,0.6,3.0,1.2,1.4,15.0,Passed,21.3,62,0,62.0,1.0,0,1.0,RHZB,62,10.81,True
2025-06-15 00:40:06,06-15-2025 00:39:16,160753,KSC 42,PA-II,7.02,42.957714,-72.3163,521,65,0,06-15-2025 00:40:02,17.6,19.9,2.3,12.0,0.4,0.2,67.0,Passed,18.75,59,0,59.0,0.0,0,0.0,RHZB,59,9.47,True
2025-06-15 00:40:06,06-15-2025 00:37:01,175137,MHT9 Hanover Street,PA-II-FLEX,7.04,42.990227,-71.43767,357,67,67,06-15-2025 00:40:02,12.7,13.3,0.6,5.0,0.0,0.1,200.0,Passed,13.0,56,56,0.0,0.0,0.0,0.0,Passed,56.0,6.17,True
2025-06-15 00:40:06,06-15-2025 00:38:52,187097,Convergent,PA-II-FLEX,7.04,42.758415,-71.65097,605,68,68,06-15-2025 00:40:02,15.7,14.1,1.6,11.0,0.2,0.2,0.0,Passed,14.9,55,55,0.0,0.0,0.0,0.0,Passed,55.0,7.4,True
2025-06-15 00:40:06,05-02-2025 12:16:47,194263,Pembroke_CAMP_40,PA-II-FLEX,7.04,43.13209,-71.46017,204,67,67,06-15-2025 00:40:02,11.8,11.9,0.1,1.0,0.0,0.0,0,T,T,,50,50,0,0.0,0.0,Passed,,,True
2025-06-15 00:40:06,06-15-2025 00:39:49,154041,MHT2 Glosser/Parkside School2 Manchester,PA-II-SD,7.02,42.988956,-71.47882,190,65,0,06-15-2025 00:40:02,13.3,13.4,0.1,1.0,0.5,0.2,86.0,Passed,13.35,57,0,57.0,1.0,0,1.0,RHZB,57,6.31,True
2025-06-15 00:40:06,06-15-2025 00:38:52,200757,Sutton Mills,PA-II-ZEN,7.04,43.33507,-71.95151,750,68,68,06-15-2025 00:40:02,17.4,17.7,0.3,2.0,0.0,0.2,200.0,Passed,17.55,51,51,0.0,0.0,0.0,0.0,Passed,51.0,9.3,True
2025-06-15 00:40:06,06-15-2025 00:38:50,220415,Nashua 1,PA-II-ZEN,7.04,42.75815,-71.4652,151,68,68,06-15-2025 00:40:02,14.9,15.3,0.4,3.0,0.4,0.4,0.0,Passed,15.1,51,51,0.0,1.0,1.0,0.0,Passed,51.0,7.8,True
2025-06-15 00:40:06,06-15-2025 00:39:02,221421,Nashua 2,PA-II-ZEN,7.04,42.7496,-71.51419,198,72,72,06-15-2025 00:40:02,15.5,15.3,0.2,1.0,0.2,0.1,67.0,Passed,15.4,44,44,0.0,1.0,1.0,0.0,Passed,44.0,8.47,True
2025-06-15 00:40:06,06-15-2025 00:39:15,244091,Center Harbor Fire Station,PA-II-FLEX,7.04,43.708385,-71.46329,558,67,67,06-15-2025 00:40:02,20.8,19.4,1.4,7.0,0.7,0.7,0.0,Passed,20.1,55,55,0.0,0.0,0.0,0.0,Passed,55.0,10.57,True
2025-06-15 00:40:06,06-15-2025 00:38:24,251687,Pembroke_CAMP_Test_BM8,PA-II-SD,7.02,43.132607,-71.45935,213,63,0,06-15-2025 00:40:02,0.0,15.1,15.1,200.0,0.0,0.1,200.0,QQ,,62,0,62.0,1.0,0,1.0,RHZB,62,,True
2025-06-15 00:40:06,06-15-2025 00:39:04,251685,Pembroke_CAMP_Test_BM7,PA-II-SD,7.02,43.13258,-71.4596,211,63,0,06-15-2025 00:40:02,15.7,12.9,2.8,20.0,0.3,0.1,100.0,Passed,14.3,60,0,60.0,0.0,0,0.0,RHZB,60,6.68,True
2025-06-15 00:40:06,06-15-2025 00:39:32,196631,We Share The Air,PA-II-FLEX,7.04,43.18085,-70.866714,140,66,66,06-15-2025 00:40:02,10.6,11.4,0.8,7.0,0.0,0.1,200.0,Passed,11.0,57,57,0.0,2.0,2.0,0.0,Passed,57.0,4.88,True
2025-06-15 00:40:06,06-15-2025 00:39:25,154001,MHT7 Hayward Street,PA-II-SD,7.02,42.980053,-71.44131,297,65,0,06-15-2025 00:40:02,17.9,14.7,3.2,20.0,0.0,0.1,200.0,Passed,16.3,59,0,59.0,1.0,0,1.0,RHZB,59,7.97,True
2025-06-15 00:40:06,06-05-2025 09:55:16,275390,Murphy Dam,PA-II-FLEX,7.02,45.050266,-71.38472,1333,89,89,06-15-2025 00:40:02,32.0,31.0,1.0,3.0,0.0,0.0,0,T,T,,37,37,0,0.0,0.0,Passed,,,True
2025-06-15 00:40:06,06-15-2025 00:39:21,153768,Pembroke_CAMP_Test_BM36,PA-II-SD,7.02,43.13242,-71.458534,229,63,0,06-15-2025 00:40:02,14.6,16.0,1.4,9.0,0.2,0.3,40.0,Passed,15.3,58,0,58.0,0.0,0,0.0,RHZB,58,7.43,True
2025-06-15 00:40:06,06-15-2025 00:39:15,1202,KSC 19,PA-II,6.06b,42.936554,-72.27102,488,68,0,06-15-2025 00:40:02,15.2,13.0,2.2,16.0,0.2,0.2,0.0,Passed,14.1,84,0,84.0,1.0,0,1.0,RHZB,84,4.88,True
2025-06-15 00:40:06,06-15-2025 00:38:46,267191,Pembroke_CAMP_Test_BM25,PA-II-SD,7.02,43.132614,-71.459175,220,63,0,06-15-2025 00:40:02,14.6,14.4,0.2,1.0,0.1,0.2,67.0,Passed,14.5,59,0,59.0,0.0,0,0.0,RHZB,59,6.88,True
2025-06-15 00:40:06,06-15-2025 00:39:21,267199,Pembroke_CAMP_Test_BM30,PA-II-SD,7.02,43.13262,-71.4584,229,62,0,06-15-2025 00:40:02,14.4,16.3,1.9,12.0,0.2,0.2,0.0,Passed,15.35,62,0,62.0,0.0,0,0.0,RHZB,62,7.18,True
2025-06-15 00:40:06,06-15-2025 00:38:24,267193,Pembroke_CAMP_Test_BM26,PA-II-SD,7.02,43.13261,-71.45895,230,63,0,06-15-2025 00:40:02,15.5,14.8,0.7,5.0,0.3,0.1,100.0,Passed,15.15,60,0,60.0,0.0,0,0.0,RHZB,60,7.2,True
2025-06-15 00:40:06,06-15-2025 00:38:05,267195,Pembroke_CAMP_Test_BM28,PA-II-SD,7.02,43.132614,-71.45872,231,62,0,06-15-2025 00:40:02,15.1,14.7,0.4,3.0,0.2,0.1,67.0,Passed,14.9,63,0,63.0,1.0,0,1.0,RHZB,63,6.84,True
2025-06-15 00:40:06,06-15-2025 00:38:25,273601,Heavens Plateau,PA-II-ZEN,7.04,43.520084,-71.81902,960,66,66,06-15-2025 00:40:02,20.3,20.8,0.5,2.0,0.4,0.4,0.0,Passed,20.55,54,54,0.0,0.0,0.0,0.0,Passed,54.0,10.92,True
2025-06-15 00:40:06,06-15-2025 00:39:39,12208,KSC 11,PA-II,7.02,42.94131,-72.28043,507,68,0,06-15-2025 00:40:02,21.1,23.1,2.0,9.0,1.0,1.6,46.0,Passed,22.1,52,0,52.0,0.0,0,0.0,RHZB,52,12.0,True
2025-06-15 00:40:06,06-15-2025 00:39:13,153987,MHT 6 UU Church,PA-II-SD,7.02,42.998104,-71.45816,250,64,0,06-15-2025 00:40:02,13.1,13.5,0.4,3.0,0.1,0.1,0.0,Passed,13.3,56,0,56.0,0.0,0,0.0,RHZB,56,6.35,True
2025-06-15 00:40:06,06-15-2025 00:38:20,115703,"Waterville Valley, NH",PA-II,7.02,43.953625,-71.50886,1493,53,0,06-15-2025 00:40:02,9.1,10.3,1.2,12.0,0.0,0.2,200.0,Passed,9.7,64,0,64.0,0.0,0,0.0,RHZB,64,3.6,True
2025-06-15 00:40:06,06-15-2025 00:38:54,137660,"Richmond Road, Troy",PA-II,7.02,42.819466,-72.20832,1272,61,0,06-15-2025 00:40:02,11.1,8.9,2.2,22.0,0.0,0.1,200.0,Passed,10.0,71,0,71.0,0.0,0,0.0,RHZB,71,3.29,True
2025-06-15 00:40:06,06-15-2025 00:38:50,143456,Junder22,PA-II,7.02,43.08963,-71.50244,619,60,0,06-15-2025 00:40:02,15.5,14.9,0.6,4.0,0.2,0.1,67.0,Passed,15.2,66,0,66.0,0.0,0,0.0,RHZB,66,6.81,True
2025-06-15 00:40:06,06-15-2025 00:38:14,153512,MHT5 Northest Manchester- Cutler Lane,PA-II-SD,7.02,43.01304,-71.41953,495,62,0,06-15-2025 00:40:02,13.3,12.9,0.4,3.0,0.2,0.4,67.0,Passed,13.1,63,0,63.0,0.0,0,0.0,RHZB,63,5.74,True
2025-06-15 00:40:06,06-15-2025 00:38:45,153734,Pembroke_CAMP_Test_BM33,PA-II-SD,7.02,43.132404,-71.458824,231,62,0,06-15-2025 00:40:02,15.3,16.7,1.4,9.0,0.1,0.1,0.0,Passed,16.0,59,0,59.0,0.0,0,0.0,RHZB,59,7.79,True
2025-06-15 00:40:06,06-15-2025 00:39:21,153750,Pembroke_CAMP_Test_BM32,PA-II-SD,7.02,43.132385,-71.458916,230,63,0,06-15-2025 00:40:02,15.2,15.8,0.6,4.0,0.0,0.0,0,Passed,15.5,57,0,57.0,0.0,0,0.0,RHZB,57,7.62,True
2025-06-15 00:40:06,06-15-2025 00:38:05,153764,Pembroke_CAMP_Test_BM38,PA-II-SD,7.02,43.13242,-71.45837,231,63,0,06-15-2025 00:40:02,17.3,15.9,1.4,8.0,0.0,0.3,200.0,Passed,16.6,62,0,62.0,1.0,0,1.0,RHZB,62,7.95,True
2025-06-15 00:50:06,06-15-2025 00:48:57,154045,MHT3 Northwest School Manchester,PA-II-SD,7.02,42.999123,-71.48408,240,63,0,06-15-2025 00:50:02,15.4,14.8,0.6,4.0,0.3,0.5,50.0,Passed,15.1,57,0,57.0,1.0,0,1.0,RHZB,57,7.38,True
2025-06-15 00:50:06,06-15-2025 00:49:16,160753,KSC 42,PA-II,7.02,42.957714,-72.3163,521,65,0,06-15-2025 00:50:02,17.5,19.4,1.9,10.0,0.1,0.5,133.0,Passed,18.45,59,0,59.0,0.0,0,0.0,RHZB,59,9.28,True
2025-06-15 00:50:06,06-15-2025 00:49:01,175137,MHT9 Hanover Street,PA-II-FLEX,7.04,42.990227,-71.43767,357,66,66,06-15-2025 00:50:02,13.1,13.6,0.5,4.0,0.4,0.3,29.0,Passed,13.35,57,57,0.0,1.0,1.0,0.0,Passed,57.0,6.31,True
2025-06-15 00:50:06,06-15-2025 00:48:52,187097,Convergent,PA-II-FLEX,7.04,42.758415,-71.65097,605,68,68,06-15-2025 00:50:02,15.7,14.2,1.5,10.0,0.0,0.1,200.0,Passed,14.95,56,56,0.0,1.0,1.0,0.0,Passed,56.0,7.36,True
2025-06-15 00:50:06,06-15-2025 00:49:14,189581,New Hampton,PA-II-FLEX,7.04,43.6174,-71.6282,523,65,65,06-15-2025 00:50:02,17.4,20.9,3.5,18.0,1.0,0.4,86.0,Passed,19.15,47,47,0.0,1.0,1.0,0.0,Passed,47.0,10.55,True
2025-06-15 00:50:06,05-02-2025 12:16:47,194263,Pembroke_CAMP_40,PA-II-FLEX,7.04,43.13209,-71.46017,204,67,67,06-15-2025 00:50:02,11.8,11.9,0.1,1.0,0.0,0.0,0,T,T,,50,50,0,0.0,0.0,Passed,,,True
2025-06-15 00:50:06,06-15-2025 00:49:02,221421,Nashua 2,PA-II-ZEN,7.04,42.7496,-71.51419,198,71,71,06-15-2025 00:50:02,15.4,14.9,0.5,3.0,0.1,0.4,120.0,Passed,15.15,46,46,0.0,2.0,2.0,0.0,Passed,46.0,8.18,True
2025-06-15 00:50:06,06-15-2025 00:48:51,200757,Sutton Mills,PA-II-ZEN,7.04,43.33507,-71.95151,750,68,68,06-15-2025 00:50:02,17.9,17.9,0.0,0.0,0.5,0.2,86.0,Passed,17.9,51,51,0.0,0.0,0.0,0.0,Passed,51.0,9.51,True
2025-06-15 00:50:06,06-15-2025 00:48:51,220415,Nashua 1,PA-II-ZEN,7.04,42.75815,-71.4652,151,68,68,06-15-2025 00:50:02,14.6,15.0,0.4,3.0,0.3,0.3,0.0,Passed,14.8,51,51,0.0,0.0,0.0,0.0,Passed,51.0,7.62,True
2025-06-15 00:50:06,06-15-2025 00:49:48,154041,MHT2 Glosser/Parkside School2 Manchester,PA-II-SD,7.02,42.988956,-71.47882,190,64,0,06-15-2025 00:50:02,13.3,13.3,0.0,0.0,0.0,0.1,200.0,Passed,13.3,58,0,58.0,1.0,0,1.0,RHZB,58,6.21,True
2025-06-15 00:50:06,06-15-2025 00:49:15,244091,Center Harbor Fire Station,PA-II-FLEX,7.04,43.708385,-71.46329,558,67,67,06-15-2025 00:50:02,20.7,19.2,1.5,8.0,0.1,0.2,67.0,Passed,19.95,56,56,0.0,1.0,1.0,0.0,Passed,56.0,10.41,True
2025-06-15 00:50:06,06-15-2025 00:48:24,251687,Pembroke_CAMP_Test_BM8,PA-II-SD,7.02,43.132607,-71.45935,213,62,0,06-15-2025 00:50:02,0.0,15.0,15.0,200.0,0.0,0.1,200.0,QQ,,64,0,64.0,2.0,0,2.0,RHZB,64,,True
2025-06-15 00:50:06,06-15-2025 00:49:04,251685,Pembroke_CAMP_Test_BM7,PA-II-SD,7.02,43.13258,-71.4596,211,63,0,06-15-2025 00:50:02,15.4,13.1,2.3,16.0,0.3,0.2,40.0,Passed,14.25,61,0,61.0,1.0,0,1.0,RHZB,61,6.58,True
2025-06-15 00:50:06,06-15-2025 00:49:33,196631,We Share The Air,PA-II-FLEX,7.04,43.18085,-70.866714,140,66,66,06-15-2025 00:50:02,10.4,11.3,0.9,8.0,0.2,0.1,67.0,Passed,10.85,56,56,0.0,1.0,1.0,0.0,Passed,56.0,4.86,True
2025-06-15 00:50:06,06-15-2025 00:49:25,154001,MHT7 Hayward Street,PA-II-SD,7.02,42.980053,-71.44131,297,65,0,06-15-2025 00:50:02,18.1,14.8,3.3,20.0,0.2,0.1,67.0,Passed,16.45,59,0,59.0,0.0,0,0.0,RHZB,59,8.06,True
2025-06-15 00:50:06,06-15-2025 00:49:34,154425,MHT4 North End Manchester,PA-II-SD,7.02,43.023964,-71.46163,383,63,0,06-15-2025 00:50:02,19.9,19.1,0.8,4.0,1.7,1.9,11.0,Passed,19.5,62,0,62.0,0.0,0,0.0,RHZB,62,9.71,True
2025-06-15 00:50:06,06-15-2025 00:49:15,1202,KSC 19,PA-II,6.06b,42.936554,-72.27102,488,67,0,06-15-2025 00:50:02,15.2,13.1,2.1,15.0,0.0,0.1,200.0,Passed,14.15,84,0,84.0,0.0,0,0.0,RHZB,84,4.91,True
2025-06-15 00:50:06,06-15-2025 00:49:21,153768,Pembroke_CAMP_Test_BM36,PA-II-SD,7.02,43.13242,-71.458534,229,62,0,06-15-2025 00:50:02,14.5,15.6,1.1,7.0,0.1,0.4,120.0,Passed,15.05,59,0,59.0,1.0,0,1.0,RHZB,59,7.21,True
2025-06-15 00:50:06,06-15-2025 00:48:46,267191,Pembroke_CAMP_Test_BM25,PA-II-SD,7.02,43.132614,-71.459175,220,63,0,06-15-2025 00:50:02,14.5,14.9,0.4,3.0,0.1,0.5,133.0,Passed,14.7,60,0,60.0,1.0,0,1.0,RHZB,60,6.93,True
2025-06-15 00:50:06,06-15-2025 00:49:21,267199,Pembroke_CAMP_Test_BM30,PA-II-SD,7.02,43.13262,-71.4584,229,62,0,06-15-2025 00:50:02,14.4,16.1,1.7,11.0,0.0,0.2,200.0,Passed,15.25,63,0,63.0,1.0,0,1.0,RHZB,63,7.05,True
2025-06-15 00:50:06,06-15-2025 00:48:24,267193,Pembroke_CAMP_Test_BM26,PA-II-SD,7.02,43.13261,-71.45895,230,63,0,06-15-2025 00:50:02,15.6,14.4,1.2,8.0,0.1,0.4,120.0,Passed,15.0,61,0,61.0,1.0,0,1.0,RHZB,61,7.04,True
2025-06-15 00:50:06,06-15-2025 00:48:05,267195,Pembroke_CAMP_Test_BM28,PA-II-SD,7.02,43.132614,-71.45872,231,62,0,06-15-2025 00:50:02,15.0,14.7,0.3,2.0,0.1,0.0,200.0,Passed,14.85,64,0,64.0,1.0,0,1.0,RHZB,64,6.74,True
2025-06-15 00:50:06,06-15-2025 00:48:25,273601,Heavens Plateau,PA-II-ZEN,7.04,43.520084,-71.81902,960,66,66,06-15-2025 00:50:02,20.8,21.1,0.3,1.0,0.5,0.3,50.0,Passed,20.95,54,54,0.0,0.0,0.0,0.0,Passed,54.0,11.16,True
2025-06-15 00:50:06,06-15-2025 00:49:39,12208,KSC 11,PA-II,7.02,42.94131,-72.28043,507,68,0,06-15-2025 00:50:02,20.6,22.1,1.5,7.0,0.5,1.0,67.0,Passed,21.35,53,0,53.0,1.0,0,1.0,RHZB,53,11.47,True
2025-06-15 00:50:06,06-05-2025 09:55:16,275390,Murphy Dam,PA-II-FLEX,7.02,45.050266,-71.38472,1333,89,89,06-15-2025 00:50:02,32.0,31.0,1.0,3.0,0.0,0.0,0,T,T,,37,37,0,0.0,0.0,Passed,,,True
2025-06-15 00:50:06,06-15-2025 00:49:13,153987,MHT 6 UU Church,PA-II-SD,7.02,42.998104,-71.45816,250,64,0,06-15-2025 00:50:02,13.2,13.7,0.5,4.0,0.1,0.2,67.0,Passed,13.45,57,0,57.0,1.0,0,1.0,RHZB,57,6.37,True
2025-06-15 00:50:06,06-15-2025 00:48:54,137660,"Richmond Road, Troy",PA-II,7.02,42.819466,-72.20832,1272,61,0,06-15-2025 00:50:02,11.2,8.7,2.5,25.0,0.1,0.2,67.0,Passed,9.95,70,0,70.0,1.0,0,1.0,RHZB,70,3.33,True
2025-06-15 00:50:06,06-15-2025 00:48:50,143456,Junder22,PA-II,7.02,43.08963,-71.50244,619,60,0,06-15-2025 00:50:02,15.2,15.0,0.2,1.0,0.3,0.1,100.0,Passed,15.1,67,0,67.0,1.0,0,1.0,RHZB,67,6.68,True
2025-06-15 00:50:06,06-15-2025 00:48:14,153512,MHT5 Northest Manchester- Cutler Lane,PA-II-SD,7.02,43.01304,-71.41953,495,62,0,06-15-2025 00:50:02,13.2,13.0,0.2,2.0,0.1,0.1,0.0,Passed,13.1,63,0,63.0,0.0,0,0.0,RHZB,63,5.74,True
2025-06-15 00:50:06,06-15-2025 00:48:45,153734,Pembroke_CAMP_Test_BM33,PA-II-SD,7.02,43.132404,-71.458824,231,62,0,06-15-2025 00:50:02,15.0,16.5,1.5,10.0,0.3,0.2,40.0,Passed,15.75,60,0,60.0,1.0,0,1.0,RHZB,60,7.57,True
2025-06-15 00:50:06,06-15-2025 00:49:21,153750,Pembroke_CAMP_Test_BM32,PA-II-SD,7.02,43.132385,-71.458916,230,63,0,06-15-2025 00:50:02,14.9,15.4,0.5,3.0,0.3,0.4,29.0,Passed,15.15,58,0,58.0,1.0,0,1.0,RHZB,58,7.34,True
2025-06-15 00:50:06,06-15-2025 00:48:05,153764,Pembroke_CAMP_Test_BM38,PA-II-SD,7.02,43.13242,-71.45837,231,63,0,06-15-2025 00:50:02,17.1,16.1,1.0,6.0,0.2,0.2,0.0,Passed,16.6,63,0,63.0,1.0,0,1.0,RHZB,63,7.88,True
2025-06-15 00:50:06,06-15-2025 00:48:20,115703,"Waterville Valley, NH",PA-II,7.02,43.953625,-71.50886,1493,52,0,06-15-2025 00:50:02,9.3,10.7,1.4,14.0,0.2,0.4,67.0,Passed,10.0,64,0,64.0,0.0,0,0.0,RHZB,64,3.78,True
2025-06-15 01:00:06,06-15-2025 00:59:48,154041,MHT2 Glosser/Parkside School2 Manchester,PA-II-SD,7.02,42.988956,-71.47882,190,64,0,06-15-2025 01:00:02,13.4,13.2,0.2,2.0,0.1,0.1,0.0,Passed,13.3,58,0,58.0,0.0,0,0.0,RHZB,58,6.21,True
2025-06-15 01:00:06,06-15-2025 00:58:57,154045,MHT3 Northwest School Manchester,PA-II-SD,7.02,42.999123,-71.48408,240,62,0,06-15-2025 01:00:02,14.8,14.8,0.0,0.0,0.6,0.0,200.0,Passed,14.8,58,0,58.0,1.0,0,1.0,RHZB,58,7.13,True
2025-06-15 01:00:06,06-15-2025 00:59:34,154425,MHT4 North End Manchester,PA-II-SD,7.02,43.023964,-71.46163,383,63,0,06-15-2025 01:00:02,18.7,17.3,1.4,8.0,1.2,1.8,40.0,Passed,18.0,62,0,62.0,0.0,0,0.0,RHZB,62,8.8,True
2025-06-15 01:00:06,06-15-2025 00:59:17,160753,KSC 42,PA-II,7.02,42.957714,-72.3163,521,65,0,06-15-2025 01:00:02,17.6,19.3,1.7,9.0,0.1,0.1,0.0,Passed,18.45,59,0,59.0,0.0,0,0.0,RHZB,59,9.28,True
2025-06-15 01:00:06,06-15-2025 00:59:01,175137,MHT9 Hanover Street,PA-II-FLEX,7.04,42.990227,-71.43767,357,66,66,06-15-2025 01:00:02,13.5,14.0,0.5,4.0,0.4,0.4,0.0,Passed,13.75,57,57,0.0,0.0,0.0,0.0,Passed,57.0,6.56,True
2025-06-15 01:00:06,06-15-2025 00:58:52,187097,Convergent,PA-II-FLEX,7.04,42.758415,-71.65097,605,68,68,06-15-2025 01:00:02,15.5,14.2,1.3,9.0,0.2,0.0,200.0,Passed,14.85,56,56,0.0,0.0,0.0,0.0,Passed,56.0,7.3,True
2025-06-15 01:00:06,06-15-2025 00:59:14,189581,New Hampton,PA-II-FLEX,7.04,43.6174,-71.6282,523,66,66,06-15-2025 01:00:02,16.9,21.0,4.1,22.0,0.5,0.1,133.0,Passed,18.95,46,46,0.0,1.0,1.0,0.0,Passed,46.0,10.5,True
2025-06-15 01:00:06,06-15-2025 00:58:52,200757,Sutton Mills,PA-II-ZEN,7.04,43.33507,-71.95151,750,68,68,06-15-2025 01:00:02,18.1,18.4,0.3,2.0,0.2,0.5,86.0,Passed,18.25,51,51,0.0,0.0,0.0,0.0,Passed,51.0,9.72,True
2025-06-15 01:00:06,06-15-2025 00:59:33,196631,We Share The Air,PA-II-FLEX,7.04,43.18085,-70.866714,140,66,66,06-15-2025 01:00:02,10.8,11.7,0.9,8.0,0.4,0.4,0.0,Passed,11.25,57,57,0.0,1.0,1.0,0.0,Passed,57.0,5.03,True
2025-06-15 01:00:06,06-15-2025 00:58:50,220415,Nashua 1,PA-II-ZEN,7.04,42.75815,-71.4652,151,68,68,06-15-2025 01:00:02,14.2,14.5,0.3,2.0,0.4,0.5,22.0,Passed,14.35,50,50,0.0,1.0,1.0,0.0,Passed,50.0,7.41,True
2025-06-15 01:00:06,06-15-2025 00:59:02,221421,Nashua 2,PA-II-ZEN,7.04,42.7496,-71.51419,198,70,70,06-15-2025 01:00:02,15.3,14.7,0.6,4.0,0.1,0.2,67.0,Passed,15.0,47,47,0.0,1.0,1.0,0.0,Passed,47.0,8.02,True
2025-06-15 01:00:06,06-15-2025 00:59:15,244091,Center Harbor Fire Station,PA-II-FLEX,7.04,43.708385,-71.46329,558,66,66,06-15-2025 01:00:02,20.5,19.1,1.4,7.0,0.2,0.1,67.0,Passed,19.8,56,56,0.0,0.0,0.0,0.0,Passed,56.0,10.32,True
2025-06-15 01:00:06,06-15-2025 00:58:24,251687,Pembroke_CAMP_Test_BM8,PA-II-SD,7.02,43.132607,-71.45935,213,62,0,06-15-2025 01:00:02,0.0,15.0,15.0,200.0,0.0,0.0,0,QQ,,63,0,63.0,1.0,0,1.0,RHZB,63,,True
2025-06-15 01:00:06,06-15-2025 00:59:04,251685,Pembroke_CAMP_Test_BM7,PA-II-SD,7.02,43.13258,-71.4596,211,63,0,06-15-2025 01:00:02,15.4,12.9,2.5,18.0,0.0,0.2,200.0,Passed,14.15,60,0,60.0,1.0,0,1.0,RHZB,60,6.59,True
2025-06-15 01:00:06,05-02-2025 12:16:47,194263,Pembroke_CAMP_40,PA-II-FLEX,7.04,43.13209,-71.46017,204,67,67,06-15-2025 01:00:02,11.8,11.9,0.1,1.0,0.0,0.0,0,T,T,,50,50,0,0.0,0.0,Passed,,,True
2025-06-15 01:00:06,06-15-2025 00:59:26,154001,MHT7 Hayward Street,PA-II-SD,7.02,42.980053,-71.44131,297,65,0,06-15-2025 01:00:02,18.1,14.9,3.2,19.0,0.0,0.1,200.0,Passed,16.5,59,0,59.0,0.0,0,0.0,RHZB,59,8.09,True
2025-06-15 01:00:06,06-15-2025 00:59:13,153987,MHT 6 UU Church,PA-II-SD,7.02,42.998104,-71.45816,250,64,0,06-15-2025 01:00:02,13.7,13.7,0.0,0.0,0.5,0.0,200.0,Passed,13.7,57,0,57.0,0.0,0,0.0,RHZB,57,6.53,True
2025-06-15 01:00:06,06-15-2025 00:58:05,153764,Pembroke_CAMP_Test_BM38,PA-II-SD,7.02,43.13242,-71.45837,231,62,0,06-15-2025 01:00:02,17.0,15.7,1.3,8.0,0.1,0.4,120.0,Passed,16.35,63,0,63.0,0.0,0,0.0,RHZB,63,7.72,True
2025-06-15 01:00:06,06-15-2025 00:59:15,1202,KSC 19,PA-II,6.06b,42.936554,-72.27102,488,67,0,06-15-2025 01:00:02,15.4,12.9,2.5,18.0,0.2,0.2,0.0,Passed,14.15,85,0,85.0,1.0,0,1.0,RHZB,85,4.84,True
2025-06-15 01:00:06,06-15-2025 00:58:46,267191,Pembroke_CAMP_Test_BM25,PA-II-SD,7.02,43.132614,-71.459175,220,63,0,06-15-2025 01:00:02,14.5,14.6,0.1,1.0,0.0,0.3,200.0,Passed,14.55,59,0,59.0,1.0,0,1.0,RHZB,59,6.91,True
2025-06-15 01:00:06,06-15-2025 00:59:21,267199,Pembroke_CAMP_Test_BM30,PA-II-SD,7.02,43.13262,-71.4584,229,62,0,06-15-2025 01:00:02,14.4,15.8,1.4,9.0,0.0,0.3,200.0,Passed,15.1,63,0,63.0,0.0,0,0.0,RHZB,63,6.96,True
2025-06-15 01:00:06,06-15-2025 00:58:24,267193,Pembroke_CAMP_Test_BM26,PA-II-SD,7.02,43.13261,-71.45895,230,62,0,06-15-2025 01:00:02,15.4,14.3,1.1,7.0,0.2,0.1,67.0,Passed,14.85,61,0,61.0,0.0,0,0.0,RHZB,61,6.95,True
2025-06-15 01:00:06,06-15-2025 00:58:05,267195,Pembroke_CAMP_Test_BM28,PA-II-SD,7.02,43.132614,-71.45872,231,61,0,06-15-2025 01:00:02,15.0,14.7,0.3,2.0,0.0,0.0,0,Passed,14.85,63,0,63.0,1.0,0,1.0,RHZB,63,6.81,True
2025-06-15 01:00:06,06-15-2025 00:58:26,273601,Heavens Plateau,PA-II-ZEN,7.04,43.520084,-71.81902,960,66,66,06-15-2025 01:00:02,21.0,21.6,0.6,3.0,0.2,0.5,86.0,Passed,21.3,54,54,0.0,0.0,0.0,0.0,Passed,54.0,11.37,True
2025-06-15 01:00:06,06-15-2025 00:59:39,12208,KSC 11,PA-II,7.02,42.94131,-72.28043,507,68,0,06-15-2025 01:00:02,20.4,22.0,1.6,8.0,0.2,0.1,67.0,Passed,21.2,53,0,53.0,0.0,0,0.0,RHZB,53,11.38,True
2025-06-15 01:00:06,06-15-2025 00:59:21,153768,Pembroke_CAMP_Test_BM36,PA-II-SD,7.02,43.13242,-71.458534,229,63,0,06-15-2025 01:00:02,14.3,15.1,0.8,5.0,0.2,0.5,86.0,Passed,14.7,59,0,59.0,0.0,0,0.0,RHZB,59,7.0,True
2025-06-15 01:00:06,06-15-2025 00:58:20,115703,"Waterville Valley, NH",PA-II,7.02,43.953625,-71.50886,1493,53,0,06-15-2025 01:00:02,9.2,10.4,1.2,12.0,0.1,0.3,100.0,Passed,9.8,64,0,64.0,0.0,0,0.0,RHZB,64,3.66,True
2025-06-15 01:00:06,06-15-2025 00:58:54,137660,"Richmond Road, Troy",PA-II,7.02,42.819466,-72.20832,1272,61,0,06-15-2025 01:00:02,11.7,8.9,2.8,27.0,0.5,0.2,86.0,Passed,10.3,71,0,71.0,1.0,0,1.0,RHZB,71,3.47,True
2025-06-15 01:00:06,06-15-2025 00:58:50,143456,Junder22,PA-II,7.02,43.08963,-71.50244,619,60,0,06-15-2025 01:00:02,15.1,14.7,0.4,3.0,0.1,0.3,100.0,Passed,14.9,67,0,67.0,0.0,0,0.0,RHZB,67,6.56,True
2025-06-15 01:00:06,06-15-2025 00:58:15,153512,MHT5 Northest Manchester- Cutler Lane,PA-II-SD,7.02,43.01304,-71.41953,495,62,0,06-15-2025 01:00:02,13.0,12.8,0.2,2.0,0.2,0.2,0.0,Passed,12.9,63,0,63.0,0.0,0,0.0,RHZB,63,5.62,True
2025-06-15 01:00:06,06-15-2025 00:58:45,153734,Pembroke_CAMP_Test_BM33,PA-II-SD,7.02,43.132404,-71.458824,231,62,0,06-15-2025 01:00:02,14.8,16.5,1.7,11.0,0.2,0.0,200.0,Passed,15.65,60,0,60.0,0.0,0,0.0,RHZB,60,7.51,True
2025-06-15 01:00:06,06-15-2025 00:59:21,153750,Pembroke_CAMP_Test_BM32,PA-II-SD,7.02,43.132385,-71.458916,230,63,0,06-15-2025 01:00:02,14.9,15.5,0.6,4.0,0.0,0.1,200.0,Passed,15.2,58,0,58.0,0.0,0,0.0,RHZB,58,7.37,True
2025-06-15 01:00:06,06-05-2025 09:55:16,275390,Murphy Dam,PA-II-FLEX,7.02,45.050266,-71.38472,1333,89,89,06-15-2025 01:00:02,32.0,31.0,1.0,3.0,0.0,0.0,0,T,T,,37,37,0,0.0,0.0,Passed,,,True
2025-06-15 01:10:06,06-15-2025 01:07:48,154041,MHT2 Glosser/Parkside School2 Manchester,PA-II-SD,7.02,42.988956,-71.47882,190,63,0,06-15-2025 01:10:02,13.4,13.5,0.1,1.0,0.0,0.3,200.0,Passed,13.45,59,0,59.0,1.0,0,1.0,RHZB,59,6.23,True
2025-06-15 01:10:06,06-15-2025 01:08:58,154045,MHT3 Northwest School Manchester,PA-II-SD,7.02,42.999123,-71.48408,240,62,0,06-15-2025 01:10:02,14.8,14.7,0.1,1.0,0.0,0.1,200.0,Passed,14.75,58,0,58.0,0.0,0,0.0,RHZB,58,7.1,True
2025-06-15 01:10:06,06-15-2025 01:09:34,154425,MHT4 North End Manchester,PA-II-SD,7.02,43.023964,-71.46163,383,63,0,06-15-2025 01:10:02,18.1,17.1,1.0,6.0,0.6,0.2,100.0,Passed,17.6,63,0,63.0,1.0,0,1.0,RHZB,63,8.49,True
2025-06-15 01:10:06,06-15-2025 01:09:16,160753,KSC 42,PA-II,7.02,42.957714,-72.3163,521,64,0,06-15-2025 01:10:02,17.7,18.9,1.2,7.0,0.1,0.4,120.0,Passed,18.3,59,0,59.0,0.0,0,0.0,RHZB,59,9.19,True
2025-06-15 01:10:06,06-15-2025 01:09:01,175137,MHT9 Hanover Street,PA-II-FLEX,7.04,42.990227,-71.43767,357,66,66,06-15-2025 01:10:02,14.2,14.5,0.3,2.0,0.7,0.5,33.0,Passed,14.35,58,58,0.0,1.0,1.0,0.0,Passed,58.0,6.85,True
2025-06-15 01:10:06,06-15-2025 01:08:52,187097,Convergent,PA-II-FLEX,7.04,42.758415,-71.65097,605,68,68,06-15-2025 01:10:02,15.3,14.0,1.3,9.0,0.2,0.2,0.0,Passed,14.65,55,55,0.0,1.0,1.0,0.0,Passed,55.0,7.25,True
2025-06-15 01:10:06,06-15-2025 01:09:14,189581,New Hampton,PA-II-FLEX,7.04,43.6174,-71.6282,523,65,65,06-15-2025 01:10:02,17.4,22.2,4.8,24.0,0.5,1.2,82.0,Passed,19.8,48,48,0.0,2.0,2.0,0.0,Passed,48.0,10.88,True
2025-06-15 01:10:06,06-15-2025 01:08:51,200757,Sutton Mills,PA-II-ZEN,7.04,43.33507,-71.95151,750,69,69,06-15-2025 01:10:02,18.5,18.6,0.1,1.0,0.4,0.2,67.0,Passed,18.55,51,51,0.0,0.0,0.0,0.0,Passed,51.0,9.91,True
2025-06-15 01:10:06,06-15-2025 01:09:32,196631,We Share The Air,PA-II-FLEX,7.04,43.18085,-70.866714,140,67,67,06-15-2025 01:10:02,10.3,11.1,0.8,7.0,0.5,0.6,18.0,Passed,10.7,55,55,0.0,2.0,2.0,0.0,Passed,55.0,4.84,True
2025-06-15 01:10:06,06-15-2025 01:08:51,220415,Nashua 1,PA-II-ZEN,7.04,42.75815,-71.4652,151,68,68,06-15-2025 01:10:02,14.0,14.3,0.3,2.0,0.2,0.2,0.0,Passed,14.15,51,51,0.0,1.0,1.0,0.0,Passed,51.0,7.22,True
2025-06-15 01:10:06,06-15-2025 01:09:03,221421,Nashua 2,PA-II-ZEN,7.04,42.7496,-71.51419,198,69,69,06-15-2025 01:10:02,15.1,14.6,0.5,3.0,0.2,0.1,67.0,Passed,14.85,48,48,0.0,1.0,1.0,0.0,Passed,48.0,7.86,True
2025-06-15 01:10:06,06-15-2025 01:09:16,244091,Center Harbor Fire Station,PA-II-FLEX,7.04,43.708385,-71.46329,558,66,66,06-15-2025 01:10:02,20.4,19.3,1.1,6.0,0.1,0.2,67.0,Passed,19.85,56,56,0.0,0.0,0.0,0.0,Passed,56.0,10.35,True
2025-06-15 01:10:06,06-15-2025 01:08:24,251687,Pembroke_CAMP_Test_BM8,PA-II-SD,7.02,43.132607,-71.45935,213,61,0,06-15-2025 01:10:02,0.0,15.0,15.0,200.0,0.0,0.0,0,QQ,,65,0,65.0,2.0,0,2.0,RHZB,65,,True
2025-06-15 01:10:06,06-15-2025 01:09:26,154001,MHT7 Hayward Street,PA-II-SD,7.02,42.980053,-71.44131,297,65,0,06-15-2025 01:10:02,17.8,15.1,2.7,16.0,0.3,0.2,40.0,Passed,16.45,60,0,60.0,1.0,0,1.0,RHZB,60,7.99,True
2025-06-15 01:10:06,05-02-2025 12:16:47,194263,Pembroke_CAMP_40,PA-II-FLEX,7.04,43.13209,-71.46017,204,67,67,06-15-2025 01:10:02,11.8,11.9,0.1,1.0,0.0,0.0,0,T,T,,50,50,0,0.0,0.0,Passed,,,True
2025-06-15 01:10:06,06-15-2025 01:09:04,251685,Pembroke_CAMP_Test_BM7,PA-II-SD,7.02,43.13258,-71.4596,211,62,0,06-15-2025 01:10:02,15.2,13.1,2.1,15.0,0.2,0.2,0.0,Passed,14.15,61,0,61.0,1.0,0,1.0,RHZB,61,6.52,True
2025-06-15 01:10:06,06-15-2025 01:09:14,153987,MHT 6 UU Church,PA-II-SD,7.02,42.998104,-71.45816,250,64,0,06-15-2025 01:10:02,13.9,14.2,0.3,2.0,0.2,0.5,86.0,Passed,14.05,58,0,58.0,1.0,0,1.0,RHZB,58,6.67,True
2025-06-15 01:10:06,06-15-2025 01:08:05,153764,Pembroke_CAMP_Test_BM38,PA-II-SD,7.02,43.13242,-71.45837,231,62,0,06-15-2025 01:10:02,16.6,15.7,0.9,6.0,0.4,0.0,200.0,Passed,16.15,63,0,63.0,0.0,0,0.0,RHZB,63,7.6,True
2025-06-15 01:10:06,06-15-2025 01:09:21,153768,Pembroke_CAMP_Test_BM36,PA-II-SD,7.02,43.13242,-71.458534,229,62,0,06-15-2025 01:10:02,14.3,15.0,0.7,5.0,0.0,0.1,200.0,Passed,14.65,60,0,60.0,1.0,0,1.0,RHZB,60,6.9,True
2025-06-15 01:10:06,06-15-2025 01:09:15,1202,KSC 19,PA-II,6.06b,42.936554,-72.27102,488,67,0,06-15-2025 01:10:02,15.2,13.1,2.1,15.0,0.2,0.2,0.0,Passed,14.15,86,0,86.0,1.0,0,1.0,RHZB,86,4.77,True
2025-06-15 01:10:06,06-15-2025 01:08:46,267191,Pembroke_CAMP_Test_BM25,PA-II-SD,7.02,43.132614,-71.459175,220,62,0,06-15-2025 01:10:02,14.2,14.3,0.1,1.0,0.3,0.3,0.0,Passed,14.25,60,0,60.0,1.0,0,1.0,RHZB,60,6.65,True
2025-06-15 01:10:06,06-15-2025 01:09:21,267199,Pembroke_CAMP_Test_BM30,PA-II-SD,7.02,43.13262,-71.4584,229,61,0,06-15-2025 01:10:02,13.9,15.8,1.9,13.0,0.5,0.0,200.0,Passed,14.85,64,0,64.0,1.0,0,1.0,RHZB,64,6.74,True
2025-06-15 01:10:06,06-15-2025 01:08:05,267195,Pembroke_CAMP_Test_BM28,PA-II-SD,7.02,43.132614,-71.45872,231,61,0,06-15-2025 01:10:02,14.7,14.4,0.3,2.0,0.3,0.3,0.0,Passed,14.55,64,0,64.0,1.0,0,1.0,RHZB,64,6.56,True
2025-06-15 01:10:06,06-15-2025 01:08:26,273601,Heavens Plateau,PA-II-ZEN,7.04,43.520084,-71.81902,960,66,66,06-15-2025 01:10:02,21.0,21.7,0.7,3.0,0.0,0.1,200.0,Passed,21.35,54,54,0.0,0.0,0.0,0.0,Passed,54.0,11.4,True
2025-06-15 01:10:06,06-15-2025 01:09:39,12208,KSC 11,PA-II,7.02,42.94131,-72.28043,507,68,0,06-15-2025 01:10:02,19.3,20.4,1.1,6.0,1.1,1.6,37.0,Passed,19.85,53,0,53.0,0.0,0,0.0,RHZB,53,10.56,True
2025-06-15 01:10:06,06-15-2025 01:08:24,267193,Pembroke_CAMP_Test_BM26,PA-II-SD,7.02,43.13261,-71.45895,230,62,0,06-15-2025 01:10:02,15.3,14.6,0.7,5.0,0.1,0.3,100.0,Passed,14.95,61,0,61.0,0.0,0,0.0,RHZB,61,7.01,True
2025-06-15 01:10:06,06-15-2025 01:08:20,115703,"Waterville Valley, NH",PA-II,7.02,43.953625,-71.50886,1493,53,0,06-15-2025 01:10:02,9.3,10.3,1.0,10.0,0.1,0.1,0.0,Passed,9.8,64,0,64.0,0.0,0,0.0,RHZB,64,3.66,True
2025-06-15 01:10:06,06-15-2025 01:08:54,137660,"Richmond Road, Troy",PA-II,7.02,42.819466,-72.20832,1272,60,0,06-15-2025 01:10:02,11.7,8.9,2.8,27.0,0.0,0.0,0,Passed,10.3,71,0,71.0,0.0,0,0.0,RHZB,71,3.47,True
2025-06-15 01:10:06,06-15-2025 01:08:50,143456,Junder22,PA-II,7.02,43.08963,-71.50244,619,59,0,06-15-2025 01:10:02,15.1,14.6,0.5,3.0,0.0,0.1,200.0,Passed,14.85,67,0,67.0,0.0,0,0.0,RHZB,67,6.53,True
2025-06-15 01:10:06,06-15-2025 01:08:15,153512,MHT5 Northest Manchester- Cutler Lane,PA-II-SD,7.02,43.01304,-71.41953,495,62,0,06-15-2025 01:10:02,12.8,12.6,0.2,2.0,0.2,0.2,0.0,Passed,12.7,64,0,64.0,1.0,0,1.0,RHZB,64,5.43,True
2025-06-15 01:10:06,06-15-2025 01:08:45,153734,Pembroke_CAMP_Test_BM33,PA-II-SD,7.02,43.132404,-71.458824,231,62,0,06-15-2025 01:10:02,15.0,16.4,1.4,9.0,0.2,0.1,67.0,Passed,15.7,61,0,61.0,1.0,0,1.0,RHZB,61,7.47,True
2025-06-15 01:10:06,06-15-2025 01:09:21,153750,Pembroke_CAMP_Test_BM32,PA-II-SD,7.02,43.132385,-71.458916,230,62,0,06-15-2025 01:10:02,15.0,15.5,0.5,3.0,0.1,0.0,200.0,Passed,15.25,59,0,59.0,1.0,0,1.0,RHZB,59,7.33,True
2025-06-15 01:10:06,06-05-2025 09:55:16,275390,Murphy Dam,PA-II-FLEX,7.02,45.050266,-71.38472,1333,89,89,06-15-2025 01:10:02,32.0,31.0,1.0,3.0,0.0,0.0,0,T,T,,37,37,0,0.0,0.0,Passed,,,True
2025-06-15 01:20:06,06-15-2025 01:18:53,187097,Convergent,PA-II-FLEX,7.04,42.758415,-71.65097,605,68,68,06-15-2025 01:20:02,15.5,14.0,1.5,10.0,0.2,0.0,200.0,Passed,14.75,56,56,0.0,1.0,1.0,0.0,Passed,56.0,7.24,True
2025-06-15 01:20:06,06-15-2025 01:17:49,154041,MHT2 Glosser/Parkside School2 Manchester,PA-II-SD,7.02,42.988956,-71.47882,190,63,0,06-15-2025 01:20:02,13.6,13.7,0.1,1.0,0.2,0.2,0.0,Passed,13.65,59,0,59.0,0.0,0,0.0,RHZB,59,6.36,True
2025-06-15 01:20:06,06-15-2025 01:18:57,154045,MHT3 Northwest School Manchester,PA-II-SD,7.02,42.999123,-71.48408,240,62,0,06-15-2025 01:20:02,14.8,15.0,0.2,1.0,0.0,0.3,200.0,Passed,14.9,59,0,59.0,1.0,0,1.0,RHZB,59,7.12,True
2025-06-15 01:20:06,06-15-2025 01:19:34,154425,MHT4 North End Manchester,PA-II-SD,7.02,43.023964,-71.46163,383,62,0,06-15-2025 01:20:02,19.0,17.8,1.2,7.0,0.9,0.7,25.0,Passed,18.4,63,0,63.0,0.0,0,0.0,RHZB,63,8.97,True
2025-06-15 01:20:06,06-15-2025 01:19:17,160753,KSC 42,PA-II,7.02,42.957714,-72.3163,521,64,0,06-15-2025 01:20:02,17.8,19.1,1.3,7.0,0.1,0.2,67.0,Passed,18.45,60,0,60.0,1.0,0,1.0,RHZB,60,9.21,True
2025-06-15 01:20:06,06-15-2025 01:19:01,175137,MHT9 Hanover Street,PA-II-FLEX,7.04,42.990227,-71.43767,357,66,66,06-15-2025 01:20:02,15.0,14.9,0.1,1.0,0.8,0.4,67.0,Passed,14.95,57,57,0.0,1.0,1.0,0.0,Passed,57.0,7.29,True
2025-06-15 01:20:06,05-02-2025 12:16:47,194263,Pembroke_CAMP_40,PA-II-FLEX,7.04,43.13209,-71.46017,204,67,67,06-15-2025 01:20:02,11.8,11.9,0.1,1.0,0.0,0.0,0,T,T,,50,50,0,0.0,0.0,Passed,,,True
2025-06-15 01:20:06,06-15-2025 01:19:25,154001,MHT7 Hayward Street,PA-II-SD,7.02,42.980053,-71.44131,297,65,0,06-15-2025 01:20:02,18.4,15.7,2.7,16.0,0.6,0.6,0.0,Passed,17.05,60,0,60.0,0.0,0,0.0,RHZB,60,8.36,True
2025-06-15 01:20:06,06-15-2025 01:18:52,200757,Sutton Mills,PA-II-ZEN,7.04,43.33507,-71.95151,750,68,68,06-15-2025 01:20:02,19.0,18.9,0.1,1.0,0.5,0.3,50.0,Passed,18.95,51,51,0.0,0.0,0.0,0.0,Passed,51.0,10.15,True
2025-06-15 01:20:06,06-15-2025 01:18:53,220415,Nashua 1,PA-II-ZEN,7.04,42.75815,-71.4652,151,68,68,06-15-2025 01:20:02,14.0,14.2,0.2,1.0,0.0,0.1,200.0,Passed,14.1,51,51,0.0,0.0,0.0,0.0,Passed,51.0,7.19,True
2025-06-15 01:20:06,06-15-2025 01:19:02,221421,Nashua 2,PA-II-ZEN,7.04,42.7496,-71.51419,198,70,70,06-15-2025 01:20:02,14.8,14.3,0.5,3.0,0.3,0.3,0.0,Passed,14.55,48,48,0.0,0.0,0.0,0.0,Passed,48.0,7.68,True
2025-06-15 01:20:06,06-15-2025 01:19:16,244091,Center Harbor Fire Station,PA-II-FLEX,7.04,43.708385,-71.46329,558,65,65,06-15-2025 01:20:02,20.5,19.3,1.2,6.0,0.1,0.0,200.0,Passed,19.9,58,58,0.0,2.0,2.0,0.0,Passed,58.0,10.24,True
2025-06-15 01:20:06,06-15-2025 01:18:25,251687,Pembroke_CAMP_Test_BM8,PA-II-SD,7.02,43.132607,-71.45935,213,61,0,06-15-2025 01:20:02,0.0,14.9,14.9,200.0,0.0,0.1,200.0,QQ,,67,0,67.0,2.0,0,2.0,RHZB,67,,True
2025-06-15 01:20:06,06-15-2025 01:19:04,251685,Pembroke_CAMP_Test_BM7,PA-II-SD,7.02,43.13258,-71.4596,211,61,0,06-15-2025 01:20:02,15.3,12.6,2.7,19.0,0.1,0.5,133.0,Passed,13.95,63,0,63.0,2.0,0,2.0,RHZB,63,6.26,True
2025-06-15 01:20:06,06-15-2025 01:19:33,196631,We Share The Air,PA-II-FLEX,7.04,43.18085,-70.866714,140,65,65,06-15-2025 01:20:02,10.6,11.3,0.7,6.0,0.3,0.2,40.0,Passed,10.95,57,57,0.0,2.0,2.0,0.0,Passed,57.0,4.85,True
2025-06-15 01:20:06,06-15-2025 01:19:13,153987,MHT 6 UU Church,PA-II-SD,7.02,42.998104,-71.45816,250,64,0,06-15-2025 01:20:02,14.2,14.8,0.6,4.0,0.3,0.6,67.0,Passed,14.5,58,0,58.0,0.0,0,0.0,RHZB,58,6.95,True
2025-06-15 01:20:06,06-15-2025 01:19:14,189581,New Hampton,PA-II-FLEX,7.04,43.6174,-71.6282,523,66,66,06-15-2025 01:20:02,16.6,21.8,5.2,27.0,0.8,0.4,67.0,Passed,19.2,48,48,0.0,0.0,0.0,0.0,Passed,48.0,10.51,True
2025-06-15 01:20:06,06-15-2025 01:18:05,153764,Pembroke_CAMP_Test_BM38,PA-II-SD,7.02,43.13242,-71.45837,231,61,0,06-15-2025 01:20:02,16.5,15.5,1.0,6.0,0.1,0.2,67.0,Passed,16.0,66,0,66.0,3.0,0,3.0,RHZB,66,7.3,True
2025-06-15 01:20:06,06-15-2025 01:18:47,267191,Pembroke_CAMP_Test_BM25,PA-II-SD,7.02,43.132614,-71.459175,220,61,0,06-15-2025 01:20:02,14.1,14.2,0.1,1.0,0.1,0.1,0.0,Passed,14.15,62,0,62.0,2.0,0,2.0,RHZB,62,6.45,True
2025-06-15 01:20:06,06-15-2025 01:19:23,267199,Pembroke_CAMP_Test_BM30,PA-II-SD,7.02,43.13262,-71.4584,229,60,0,06-15-2025 01:20:02,14.2,15.6,1.4,9.0,0.3,0.2,40.0,Passed,14.9,65,0,65.0,1.0,0,1.0,RHZB,65,6.7,True
2025-06-15 01:20:06,06-15-2025 01:18:24,267193,Pembroke_CAMP_Test_BM26,PA-II-SD,7.02,43.13261,-71.45895,230,61,0,06-15-2025 01:20:02,15.4,14.2,1.2,8.0,0.1,0.4,120.0,Passed,14.8,63,0,63.0,2.0,0,2.0,RHZB,63,6.78,True
2025-06-15 01:20:06,06-15-2025 01:18:05,267195,Pembroke_CAMP_Test_BM28,PA-II-SD,7.02,43.132614,-71.45872,231,60,0,06-15-2025 01:20:02,14.5,14.3,0.2,1.0,0.2,0.1,67.0,Passed,14.4,66,0,66.0,2.0,0,2.0,RHZB,66,6.32,True
2025-06-15 01:20:06,06-15-2025 01:18:26,273601,Heavens Plateau,PA-II-ZEN,7.04,43.520084,-71.81902,960,66,66,06-15-2025 01:20:02,20.8,21.7,0.9,4.0,0.2,0.0,200.0,Passed,21.25,54,54,0.0,0.0,0.0,0.0,Passed,54.0,11.34,True
2025-06-15 01:20:06,06-15-2025 01:17:39,12208,KSC 11,PA-II,7.02,42.94131,-72.28043,507,68,0,06-15-2025 01:20:02,18.0,18.8,0.8,4.0,1.3,1.6,21.0,Passed,18.4,53,0,53.0,0.0,0,0.0,RHZB,53,9.67,True
2025-06-15 01:20:06,06-05-2025 09:55:16,275390,Murphy Dam,PA-II-FLEX,7.02,45.050266,-71.38472,1333,89,89,06-15-2025 01:20:02,32.0,31.0,1.0,3.0,0.0,0.0,0,T,T,,37,37,0,0.0,0.0,Passed,,,True
2025-06-15 01:20:06,06-15-2025 01:19:15,1202,KSC 19,PA-II,6.06b,42.936554,-72.27102,488,67,0,06-15-2025 01:20:02,15.1,13.2,1.9,13.0,0.1,0.1,0.0,Passed,14.15,86,0,86.0,0.0,0,0.0,RHZB,86,4.77,True
2025-06-15 01:20:06,06-15-2025 01:18:21,115703,"Waterville Valley, NH",PA-II,7.02,43.953625,-71.50886,1493,50,0,06-15-2025 01:20:02,9.4,10.4,1.0,10.0,0.1,0.1,0.0,Passed,9.9,64,0,64.0,0.0,0,0.0,RHZB,64,3.72,True
2025-06-15 01:20:06,06-15-2025 01:18:54,137660,"Richmond Road, Troy",PA-II,7.02,42.819466,-72.20832,1272,60,0,06-15-2025 01:20:02,11.8,9.1,2.7,26.0,0.1,0.2,67.0,Passed,10.45,71,0,71.0,0.0,0,0.0,RHZB,71,3.56,True
2025-06-15 01:20:06,06-15-2025 01:18:50,143456,Junder22,PA-II,7.02,43.08963,-71.50244,619,59,0,06-15-2025 01:20:02,15.2,14.9,0.3,2.0,0.1,0.3,100.0,Passed,15.05,67,0,67.0,0.0,0,0.0,RHZB,67,6.65,True
2025-06-15 01:20:06,06-15-2025 01:18:15,153512,MHT5 Northest Manchester- Cutler Lane,PA-II-SD,7.02,43.01304,-71.41953,495,62,0,06-15-2025 01:20:02,12.6,11.8,0.8,7.0,0.2,0.8,120.0,Passed,12.2,64,0,64.0,0.0,0,0.0,RHZB,64,5.12,True
2025-06-15 01:20:06,06-15-2025 01:18:45,153734,Pembroke_CAMP_Test_BM33,PA-II-SD,7.02,43.132404,-71.458824,231,61,0,06-15-2025 01:20:02,15.1,16.6,1.5,9.0,0.1,0.2,67.0,Passed,15.85,64,0,64.0,3.0,0,3.0,RHZB,64,7.35,True
2025-06-15 01:20:06,06-15-2025 01:19:21,153750,Pembroke_CAMP_Test_BM32,PA-II-SD,7.02,43.132385,-71.458916,230,61,0,06-15-2025 01:20:02,15.2,15.4,0.2,1.0,0.2,0.1,67.0,Passed,15.3,60,0,60.0,1.0,0,1.0,RHZB,60,7.29,True
2025-06-15 01:20:06,06-15-2025 01:19:21,153768,Pembroke_CAMP_Test_BM36,PA-II-SD,7.02,43.13242,-71.458534,229,61,0,06-15-2025 01:20:02,14.5,15.2,0.7,5.0,0.2,0.2,0.0,Passed,14.85,62,0,62.0,2.0,0,2.0,RHZB,62,6.88,True
2025-06-15 01:30:06,06-15-2025 01:28:58,154045,MHT3 Northwest School Manchester,PA-II-SD,7.02,42.999123,-71.48408,240,62,0,06-15-2025 01:30:02,15.2,14.7,0.5,3.0,0.4,0.3,29.0,Passed,14.95,59,0,59.0,0.0,0,0.0,RHZB,59,7.15,True
2025-06-15 01:30:06,06-15-2025 01:29:34,154425,MHT4 North End Manchester,PA-II-SD,7.02,43.023964,-71.46163,383,62,0,06-15-2025 01:30:02,19.1,18.0,1.1,6.0,0.1,0.2,67.0,Passed,18.55,63,0,63.0,0.0,0,0.0,RHZB,63,9.07,True
2025-06-15 01:30:06,06-15-2025 01:29:17,160753,KSC 42,PA-II,7.02,42.957714,-72.3163,521,64,0,06-15-2025 01:30:02,17.9,19.3,1.4,8.0,0.1,0.2,67.0,Passed,18.6,61,0,61.0,1.0,0,1.0,RHZB,61,9.24,True
2025-06-15 01:30:06,06-15-2025 01:27:01,175137,MHT9 Hanover Street,PA-II-FLEX,7.04,42.990227,-71.43767,357,66,66,06-15-2025 01:30:02,15.4,15.4,0.0,0.0,0.4,0.5,22.0,Passed,15.4,57,57,0.0,0.0,0.0,0.0,Passed,57.0,7.56,True
2025-06-15 01:30:06,06-15-2025 01:28:53,187097,Convergent,PA-II-FLEX,7.04,42.758415,-71.65097,605,68,68,06-15-2025 01:30:02,15.6,13.9,1.7,12.0,0.1,0.1,0.0,Passed,14.75,56,56,0.0,0.0,0.0,0.0,Passed,56.0,7.24,True
2025-06-15 01:30:06,06-15-2025 01:29:14,189581,New Hampton,PA-II-FLEX,7.04,43.6174,-71.6282,523,66,66,06-15-2025 01:30:02,16.4,21.7,5.3,28.0,0.2,0.1,67.0,Passed,19.05,48,48,0.0,0.0,0.0,0.0,Passed,48.0,10.42,True
2025-06-15 01:30:06,05-02-2025 12:16:47,194263,Pembroke_CAMP_40,PA-II-FLEX,7.04,43.13209,-71.46017,204,67,67,06-15-2025 01:30:02,11.8,11.9,0.1,1.0,0.0,0.0,0,T,T,,50,50,0,0.0,0.0,Passed,,,True
2025-06-15 01:30:06,06-15-2025 01:28:50,220415,Nashua 1,PA-II-ZEN,7.04,42.75815,-71.4652,151,68,68,06-15-2025 01:30:02,14.0,14.2,0.2,1.0,0.0,0.0,0,Passed,14.1,51,51,0.0,0.0,0.0,0.0,Passed,51.0,7.19,True
2025-06-15 01:30:06,06-15-2025 01:28:52,200757,Sutton Mills,PA-II-ZEN,7.04,43.33507,-71.95151,750,68,68,06-15-2025 01:30:02,18.9,19.3,0.4,2.0,0.1,0.4,120.0,Passed,19.1,51,51,0.0,0.0,0.0,0.0,Passed,51.0,10.24,True
2025-06-15 01:30:06,06-15-2025 01:29:02,221421,Nashua 2,PA-II-ZEN,7.04,42.7496,-71.51419,198,70,70,06-15-2025 01:30:02,14.3,14.1,0.2,1.0,0.5,0.2,86.0,Passed,14.2,47,47,0.0,1.0,1.0,0.0,Passed,47.0,7.53,True
2025-06-15 01:30:06,06-15-2025 01:29:16,244091,Center Harbor Fire Station,PA-II-FLEX,7.04,43.708385,-71.46329,558,65,65,06-15-2025 01:30:02,20.6,19.1,1.5,8.0,0.1,0.2,67.0,Passed,19.85,57,57,0.0,1.0,1.0,0.0,Passed,57.0,10.28,True
2025-06-15 01:30:06,06-15-2025 01:28:25,251687,Pembroke_CAMP_Test_BM8,PA-II-SD,7.02,43.132607,-71.45935,213,61,0,06-15-2025 01:30:02,0.0,15.2,15.2,200.0,0.0,0.3,200.0,QQ,,68,0,68.0,1.0,0,1.0,RHZB,68,,True
2025-06-15 01:30:06,06-15-2025 01:29:04,251685,Pembroke_CAMP_Test_BM7,PA-II-SD,7.02,43.13258,-71.4596,211,61,0,06-15-2025 01:30:02,15.5,12.6,2.9,21.0,0.2,0.0,200.0,Passed,14.05,64,0,64.0,1.0,0,1.0,RHZB,64,6.25,True
2025-06-15 01:30:06,06-15-2025 01:29:49,154041,MHT2 Glosser/Parkside School2 Manchester,PA-II-SD,7.02,42.988956,-71.47882,190,63,0,06-15-2025 01:30:02,13.7,13.6,0.1,1.0,0.1,0.1,0.0,Passed,13.65,60,0,60.0,1.0,0,1.0,RHZB,60,6.29,True
2025-06-15 01:30:06,06-15-2025 01:29:32,196631,We Share The Air,PA-II-FLEX,7.04,43.18085,-70.866714,140,65,65,06-15-2025 01:30:02,10.5,11.2,0.7,6.0,0.1,0.1,0.0,Passed,10.85,57,57,0.0,0.0,0.0,0.0,Passed,57.0,4.79,True
2025-06-15 01:30:06,06-15-2025 01:29:25,154001,MHT7 Hayward Street,PA-II-SD,7.02,42.980053,-71.44131,297,65,0,06-15-2025 01:30:02,19.1,16.1,3.0,17.0,0.7,0.4,55.0,Passed,17.6,60,0,60.0,0.0,0,0.0,RHZB,60,8.7,True
2025-06-15 01:30:06,06-15-2025 01:29:13,153987,MHT 6 UU Church,PA-II-SD,7.02,42.998104,-71.45816,250,64,0,06-15-2025 01:30:02,14.5,15.3,0.8,5.0,0.3,0.5,50.0,Passed,14.9,58,0,58.0,0.0,0,0.0,RHZB,58,7.19,True
2025-06-15 01:30:06,06-15-2025 01:29:22,153768,Pembroke_CAMP_Test_BM36,PA-II-SD,7.02,43.13242,-71.458534,229,60,0,06-15-2025 01:30:02,14.6,16.1,1.5,10.0,0.1,0.9,160.0,Passed,15.35,63,0,63.0,1.0,0,1.0,RHZB,63,7.11,True
2025-06-15 01:30:06,06-15-2025 01:28:47,267191,Pembroke_CAMP_Test_BM25,PA-II-SD,7.02,43.132614,-71.459175,220,61,0,06-15-2025 01:30:02,14.3,14.2,0.1,1.0,0.2,0.0,200.0,Passed,14.25,63,0,63.0,1.0,0,1.0,RHZB,63,6.44,True
2025-06-15 01:30:06,06-15-2025 01:29:22,267199,Pembroke_CAMP_Test_BM30,PA-II-SD,7.02,43.13262,-71.4584,229,60,0,06-15-2025 01:30:02,14.7,15.5,0.8,5.0,0.5,0.1,133.0,Passed,15.1,67,0,67.0,2.0,0,2.0,RHZB,67,6.68,True
2025-06-15 01:30:06,06-15-2025 01:28:25,267193,Pembroke_CAMP_Test_BM26,PA-II-SD,7.02,43.13261,-71.45895,230,61,0,06-15-2025 01:30:02,15.8,14.4,1.4,9.0,0.4,0.2,67.0,Passed,15.1,65,0,65.0,2.0,0,2.0,RHZB,65,6.82,True
2025-06-15 01:30:06,06-15-2025 01:28:06,267195,Pembroke_CAMP_Test_BM28,PA-II-SD,7.02,43.132614,-71.45872,231,59,0,06-15-2025 01:30:02,14.8,14.4,0.4,3.0,0.3,0.1,100.0,Passed,14.6,68,0,68.0,2.0,0,2.0,RHZB,68,6.31,True
2025-06-15 01:30:06,06-15-2025 01:28:26,273601,Heavens Plateau,PA-II-ZEN,7.04,43.520084,-71.81902,960,66,66,06-15-2025 01:30:02,19.8,20.9,1.1,5.0,1.0,0.8,22.0,Passed,20.35,54,54,0.0,0.0,0.0,0.0,Passed,54.0,10.79,True
2025-06-15 01:30:06,06-15-2025 01:29:39,12208,KSC 11,PA-II,7.02,42.94131,-72.28043,507,68,0,06-15-2025 01:30:02,18.6,18.8,0.2,1.0,0.6,0.0,200.0,Passed,18.7,54,0,54.0,1.0,0,1.0,RHZB,54,9.79,True
2025-06-15 01:30:06,06-05-2025 09:55:16,275390,Murphy Dam,PA-II-FLEX,7.02,45.050266,-71.38472,1333,89,89,06-15-2025 01:30:02,32.0,31.0,1.0,3.0,0.0,0.0,0,T,T,,37,37,0,0.0,0.0,Passed,,,True
2025-06-15 01:30:06,06-15-2025 01:29:15,1202,KSC 19,PA-II,6.06b,42.936554,-72.27102,488,67,0,06-15-2025 01:30:02,15.2,13.2,2.0,14.0,0.1,0.0,200.0,Passed,14.2,86,0,86.0,0.0,0,0.0,RHZB,86,4.8,True
2025-06-15 01:30:06,06-15-2025 01:28:54,137660,"Richmond Road, Troy",PA-II,7.02,42.819466,-72.20832,1272,61,0,06-15-2025 01:30:02,12.2,9.1,3.1,29.0,0.4,0.0,200.0,Passed,10.65,71,0,71.0,0.0,0,0.0,RHZB,71,3.69,True
2025-06-15 01:30:06,06-15-2025 01:28:50,143456,Junder22,PA-II,7.02,43.08963,-71.50244,619,59,0,06-15-2025 01:30:02,14.9,14.6,0.3,2.0,0.3,0.3,0.0,Passed,14.75,68,0,68.0,1.0,0,1.0,RHZB,68,6.4,True
2025-06-15 01:30:06,06-15-2025 01:28:15,153512,MHT5 Northest Manchester- Cutler Lane,PA-II-SD,7.02,43.01304,-71.41953,495,62,0,06-15-2025 01:30:02,12.5,11.9,0.6,5.0,0.1,0.1,0.0,Passed,12.2,64,0,64.0,0.0,0,0.0,RHZB,64,5.12,True
2025-06-15 01:30:06,06-15-2025 01:28:46,153734,Pembroke_CAMP_Test_BM33,PA-II-SD,7.02,43.132404,-71.458824,231,60,0,06-15-2025 01:30:02,15.6,16.4,0.8,5.0,0.5,0.2,86.0,Passed,16.0,66,0,66.0,2.0,0,2.0,RHZB,66,7.3,True
2025-06-15 01:30:06,06-15-2025 01:29:21,153750,Pembroke_CAMP_Test_BM32,PA-II-SD,7.02,43.132385,-71.458916,230,61,0,06-15-2025 01:30:02,15.5,15.4,0.1,1.0,0.3,0.0,200.0,Passed,15.45,61,0,61.0,1.0,0,1.0,RHZB,61,7.31,True
2025-06-15 01:30:06,06-15-2025 01:28:06,153764,Pembroke_CAMP_Test_BM38,PA-II-SD,7.02,43.13242,-71.45837,231,60,0,06-15-2025 01:30:02,17.1,15.5,1.6,10.0,0.6,0.0,200.0,Passed,16.3,67,0,67.0,1.0,0,1.0,RHZB,67,7.41,True
2025-06-15 01:30:06,06-15-2025 01:28:21,115703,"Waterville Valley, NH",PA-II,7.02,43.953625,-71.50886,1493,52,0,06-15-2025 01:30:02,9.3,10.4,1.1,11.0,0.1,0.0,200.0,Passed,9.85,64,0,64.0,0.0,0,0.0,RHZB,64,3.69,True
2025-06-15 01:40:06,06-15-2025 01:38:58,154045,MHT3 Northwest School Manchester,PA-II-SD,7.02,42.999123,-71.48408,240,62,0,06-15-2025 01:40:02,14.5,14.2,0.3,2.0,0.7,0.5,33.0,Passed,14.35,58,0,58.0,1.0,0,1.0,RHZB,58,6.85,True
2025-06-15 01:40:06,06-15-2025 01:39:34,154425,MHT4 North End Manchester,PA-II-SD,7.02,43.023964,-71.46163,383,62,0,06-15-2025 01:40:02,18.9,17.8,1.1,6.0,0.2,0.2,0.0,Passed,18.35,64,0,64.0,1.0,0,1.0,RHZB,64,8.87,True
2025-06-15 01:40:06,06-15-2025 01:39:16,160753,KSC 42,PA-II,7.02,42.957714,-72.3163,521,64,0,06-15-2025 01:40:02,18.1,19.5,1.4,7.0,0.2,0.2,0.0,Passed,18.8,61,0,61.0,0.0,0,0.0,RHZB,61,9.36,True
2025-06-15 01:40:06,06-15-2025 01:39:01,175137,MHT9 Hanover Street,PA-II-FLEX,7.04,42.990227,-71.43767,357,66,66,06-15-2025 01:40:02,15.9,16.1,0.2,1.0,0.5,0.7,33.0,Passed,16.0,59,59,0.0,2.0,2.0,0.0,Passed,59.0,7.79,True
2025-06-15 01:40:06,06-15-2025 01:38:53,187097,Convergent,PA-II-FLEX,7.04,42.758415,-71.65097,605,68,68,06-15-2025 01:40:02,15.5,13.8,1.7,12.0,0.1,0.1,0.0,Passed,14.65,55,55,0.0,1.0,1.0,0.0,Passed,55.0,7.25,True
2025-06-15 01:40:06,06-15-2025 01:39:14,189581,New Hampton,PA-II-FLEX,7.04,43.6174,-71.6282,523,65,65,06-15-2025 01:40:02,17.1,22.3,5.2,26.0,0.7,0.6,15.0,Passed,19.7,50,50,0.0,2.0,2.0,0.0,Passed,50.0,10.68,True
2025-06-15 01:40:06,05-02-2025 12:16:47,194263,Pembroke_CAMP_40,PA-II-FLEX,7.04,43.13209,-71.46017,204,67,67,06-15-2025 01:40:02,11.8,11.9,0.1,1.0,0.0,0.0,0,T,T,,50,50,0,0.0,0.0,Passed,,,True
2025-06-15 01:40:06,06-15-2025 01:38:50,220415,Nashua 1,PA-II-ZEN,7.04,42.75815,-71.4652,151,68,68,06-15-2025 01:40:02,14.0,14.3,0.3,2.0,0.0,0.1,200.0,Passed,14.15,52,52,0.0,1.0,1.0,0.0,Passed,52.0,7.15,True
2025-06-15 01:40:06,06-15-2025 01:38:52,200757,Sutton Mills,PA-II-ZEN,7.04,43.33507,-71.95151,750,68,68,06-15-2025 01:40:02,18.9,19.3,0.4,2.0,0.0,0.0,0,Passed,19.1,51,51,0.0,0.0,0.0,0.0,Passed,51.0,10.24,True
2025-06-15 01:40:06,06-15-2025 01:39:02,221421,Nashua 2,PA-II-ZEN,7.04,42.7496,-71.51419,198,69,69,06-15-2025 01:40:02,13.8,13.6,0.2,1.0,0.5,0.5,0.0,Passed,13.7,48,48,0.0,1.0,1.0,0.0,Passed,48.0,7.16,True
2025-06-15 01:40:06,06-15-2025 01:39:16,244091,Center Harbor Fire Station,PA-II-FLEX,7.04,43.708385,-71.46329,558,64,64,06-15-2025 01:40:02,20.6,19.1,1.5,8.0,0.0,0.0,0,Passed,19.85,58,58,0.0,1.0,1.0,0.0,Passed,58.0,10.21,True
2025-06-15 01:40:06,06-15-2025 01:38:25,251687,Pembroke_CAMP_Test_BM8,PA-II-SD,7.02,43.132607,-71.45935,213,60,0,06-15-2025 01:40:02,0.0,16.3,16.3,200.0,0.0,1.1,200.0,QQ,,68,0,68.0,0.0,0,0.0,RHZB,68,,True
2025-06-15 01:40:06,06-15-2025 01:39:04,251685,Pembroke_CAMP_Test_BM7,PA-II-SD,7.02,43.13258,-71.4596,211,61,0,06-15-2025 01:40:02,16.8,13.8,3.0,20.0,1.3,1.2,8.0,Passed,15.3,65,0,65.0,1.0,0,1.0,RHZB,65,6.94,True
2025-06-15 01:40:06,06-15-2025 01:37:48,154041,MHT2 Glosser/Parkside School2 Manchester,PA-II-SD,7.02,42.988956,-71.47882,190,64,0,06-15-2025 01:40:02,13.7,13.6,0.1,1.0,0.0,0.0,0,Passed,13.65,59,0,59.0,1.0,0,1.0,RHZB,59,6.36,True
2025-06-15 01:40:06,06-15-2025 01:39:33,196631,We Share The Air,PA-II-FLEX,7.04,43.18085,-70.866714,140,65,65,06-15-2025 01:40:02,10.2,10.8,0.6,6.0,0.3,0.4,29.0,Passed,10.5,57,57,0.0,0.0,0.0,0.0,Passed,57.0,4.58,True
2025-06-15 01:40:06,06-15-2025 01:39:18,154001,MHT7 Hayward Street,PA-II-SD,7.02,42.980053,-71.44131,297,65,0,06-15-2025 01:40:02,19.4,16.4,3.0,17.0,0.3,0.3,0.0,Passed,17.9,62,0,62.0,2.0,0,2.0,RHZB,62,8.74,True
2025-06-15 01:40:06,06-15-2025 01:39:13,153987,MHT 6 UU Church,PA-II-SD,7.02,42.998104,-71.45816,250,64,0,06-15-2025 01:40:02,14.8,15.7,0.9,6.0,0.3,0.4,29.0,Passed,15.25,58,0,58.0,0.0,0,0.0,RHZB,58,7.4,True
2025-06-15 01:40:06,06-15-2025 01:39:22,153768,Pembroke_CAMP_Test_BM36,PA-II-SD,7.02,43.13242,-71.458534,229,60,0,06-15-2025 01:40:02,15.8,17.1,1.3,8.0,1.2,1.0,18.0,Passed,16.45,64,0,64.0,1.0,0,1.0,RHZB,64,7.71,True
2025-06-15 01:40:06,06-15-2025 01:38:47,267191,Pembroke_CAMP_Test_BM25,PA-II-SD,7.02,43.132614,-71.459175,220,61,0,06-15-2025 01:40:02,15.6,15.5,0.1,1.0,1.3,1.3,0.0,Passed,15.55,64,0,64.0,1.0,0,1.0,RHZB,64,7.17,True
2025-06-15 01:40:06,06-15-2025 01:39:22,267199,Pembroke_CAMP_Test_BM30,PA-II-SD,7.02,43.13262,-71.4584,229,60,0,06-15-2025 01:40:02,16.3,16.9,0.6,4.0,1.6,1.4,13.0,Passed,16.6,67,0,67.0,0.0,0,0.0,RHZB,67,7.6,True
2025-06-15 01:40:06,06-15-2025 01:38:25,267193,Pembroke_CAMP_Test_BM26,PA-II-SD,7.02,43.13261,-71.45895,230,61,0,06-15-2025 01:40:02,17.2,15.6,1.6,10.0,1.4,1.2,15.0,Passed,16.4,65,0,65.0,0.0,0,0.0,RHZB,65,7.61,True
2025-06-15 01:40:06,06-15-2025 01:38:06,267195,Pembroke_CAMP_Test_BM28,PA-II-SD,7.02,43.132614,-71.45872,231,59,0,06-15-2025 01:40:02,16.1,15.6,0.5,3.0,1.3,1.2,8.0,Passed,15.85,68,0,68.0,0.0,0,0.0,RHZB,68,7.07,True
2025-06-15 01:40:06,06-15-2025 01:38:26,273601,Heavens Plateau,PA-II-ZEN,7.04,43.520084,-71.81902,960,66,66,06-15-2025 01:40:02,19.3,20.2,0.9,5.0,0.5,0.7,33.0,Passed,19.75,54,54,0.0,0.0,0.0,0.0,Passed,54.0,10.43,True
2025-06-15 01:40:06,06-15-2025 01:39:39,12208,KSC 11,PA-II,7.02,42.94131,-72.28043,507,68,0,06-15-2025 01:40:02,17.8,17.8,0.0,0.0,0.8,1.0,22.0,Passed,17.8,54,0,54.0,0.0,0,0.0,RHZB,54,9.24,True
2025-06-15 01:40:06,06-05-2025 09:55:16,275390,Murphy Dam,PA-II-FLEX,7.02,45.050266,-71.38472,1333,89,89,06-15-2025 01:40:02,32.0,31.0,1.0,3.0,0.0,0.0,0,T,T,,37,37,0,0.0,0.0,Passed,,,True
2025-06-15 01:40:06,06-15-2025 01:39:15,1202,KSC 19,PA-II,6.06b,42.936554,-72.27102,488,67,0,06-15-2025 01:40:02,15.3,13.0,2.3,16.0,0.1,0.2,67.0,Passed,14.15,86,0,86.0,0.0,0,0.0,RHZB,86,4.77,True
2025-06-15 01:40:06,06-15-2025 01:38:54,137660,"Richmond Road, Troy",PA-II,7.02,42.819466,-72.20832,1272,61,0,06-15-2025 01:40:02,12.1,9.1,3.0,28.0,0.1,0.0,200.0,Passed,10.6,71,0,71.0,0.0,0,0.0,RHZB,71,3.66,True
2025-06-15 01:40:06,06-15-2025 01:38:50,143456,Junder22,PA-II,7.02,43.08963,-71.50244,619,59,0,06-15-2025 01:40:02,14.5,14.2,0.3,2.0,0.4,0.4,0.0,Passed,14.35,69,0,69.0,1.0,0,1.0,RHZB,69,6.08,True
2025-06-15 01:40:06,06-15-2025 01:38:15,153512,MHT5 Northest Manchester- Cutler Lane,PA-II-SD,7.02,43.01304,-71.41953,495,62,0,06-15-2025 01:40:02,12.2,11.5,0.7,6.0,0.3,0.4,29.0,Passed,11.85,65,0,65.0,1.0,0,1.0,RHZB,65,4.84,True
2025-06-15 01:40:06,06-15-2025 01:38:46,153734,Pembroke_CAMP_Test_BM33,PA-II-SD,7.02,43.132404,-71.458824,231,60,0,06-15-2025 01:40:02,16.5,17.6,1.1,6.0,0.9,1.2,29.0,Passed,17.05,66,0,66.0,0.0,0,0.0,RHZB,66,7.94,True
2025-06-15 01:40:06,06-15-2025 01:39:22,153750,Pembroke_CAMP_Test_BM32,PA-II-SD,7.02,43.132385,-71.458916,230,61,0,06-15-2025 01:40:02,16.8,16.3,0.5,3.0,1.3,0.9,36.0,Passed,16.55,62,0,62.0,1.0,0,1.0,RHZB,62,7.92,True
2025-06-15 01:40:06,06-15-2025 01:38:06,153764,Pembroke_CAMP_Test_BM38,PA-II-SD,7.02,43.13242,-71.45837,231,60,0,06-15-2025 01:40:02,18.4,16.9,1.5,8.0,1.3,1.4,7.0,Passed,17.65,67,0,67.0,0.0,0,0.0,RHZB,67,8.24,True
2025-06-15 01:40:06,06-15-2025 01:38:21,115703,"Waterville Valley, NH",PA-II,7.02,43.953625,-71.50886,1493,52,0,06-15-2025 01:40:02,9.3,10.3,1.0,10.0,0.0,0.1,200.0,Passed,9.8,64,0,64.0,0.0,0,0.0,RHZB,64,3.66,True
2025-06-15 01:50:06,06-15-2025 01:48:58,154045,MHT3 Northwest School Manchester,PA-II-SD,7.02,42.999123,-71.48408,240,62,0,06-15-2025 01:50:02,14.8,14.2,0.6,4.0,0.3,0.0,200.0,Passed,14.5,58,0,58.0,0.0,0,0.0,RHZB,58,6.95,True
2025-06-15 01:50:06,06-15-2025 01:49:36,154425,MHT4 North End Manchester,PA-II-SD,7.02,43.023964,-71.46163,383,62,0,06-15-2025 01:50:02,18.8,17.7,1.1,6.0,0.1,0.1,0.0,Passed,18.25,64,0,64.0,0.0,0,0.0,RHZB,64,8.81,True
2025-06-15 01:50:06,06-15-2025 01:49:17,160753,KSC 42,PA-II,7.02,42.957714,-72.3163,521,64,0,06-15-2025 01:50:02,18.0,19.3,1.3,7.0,0.1,0.2,67.0,Passed,18.65,61,0,61.0,0.0,0,0.0,RHZB,61,9.27,True
2025-06-15 01:50:06,06-15-2025 01:49:01,175137,MHT9 Hanover Street,PA-II-FLEX,7.04,42.990227,-71.43767,357,66,66,06-15-2025 01:50:02,16.5,16.8,0.3,2.0,0.6,0.7,15.0,Passed,16.65,59,59,0.0,0.0,0.0,0.0,Passed,59.0,8.19,True
2025-06-15 01:50:06,06-15-2025 01:48:53,187097,Convergent,PA-II-FLEX,7.04,42.758415,-71.65097,605,68,68,06-15-2025 01:50:02,15.1,13.7,1.4,10.0,0.4,0.1,120.0,Passed,14.4,55,55,0.0,0.0,0.0,0.0,Passed,55.0,7.09,True
2025-06-15 01:50:06,06-15-2025 01:49:14,189581,New Hampton,PA-II-FLEX,7.04,43.6174,-71.6282,523,66,66,06-15-2025 01:50:02,17.4,23.2,5.8,29.0,0.3,0.9,100.0,Passed,20.3,49,49,0.0,1.0,1.0,0.0,Passed,49.0,11.11,True
2025-06-15 01:50:06,05-02-2025 12:16:47,194263,Pembroke_CAMP_40,PA-II-FLEX,7.04,43.13209,-71.46017,204,67,67,06-15-2025 01:50:02,11.8,11.9,0.1,1.0,0.0,0.0,0,T,T,,50,50,0,0.0,0.0,Passed,,,True
2025-06-15 01:50:06,06-15-2025 01:48:50,220415,Nashua 1,PA-II-ZEN,7.04,42.75815,-71.4652,151,68,68,06-15-2025 01:50:02,14.0,14.3,0.3,2.0,0.0,0.0,0,Passed,14.15,52,52,0.0,0.0,0.0,0.0,Passed,52.0,7.15,True
2025-06-15 01:50:06,06-15-2025 01:48:52,200757,Sutton Mills,PA-II-ZEN,7.04,43.33507,-71.95151,750,68,68,06-15-2025 01:50:02,19.2,19.6,0.4,2.0,0.3,0.3,0.0,Passed,19.4,50,50,0.0,1.0,1.0,0.0,Passed,50.0,10.49,True
2025-06-15 01:50:06,06-15-2025 01:49:02,221421,Nashua 2,PA-II-ZEN,7.04,42.7496,-71.51419,198,71,71,06-15-2025 01:50:02,13.6,13.7,0.1,1.0,0.2,0.1,67.0,Passed,13.65,46,46,0.0,2.0,2.0,0.0,Passed,46.0,7.27,True
2025-06-15 01:50:06,06-15-2025 01:49:16,244091,Center Harbor Fire Station,PA-II-FLEX,7.04,43.708385,-71.46329,558,65,65,06-15-2025 01:50:02,20.4,19.3,1.1,6.0,0.2,0.2,0.0,Passed,19.85,57,57,0.0,1.0,1.0,0.0,Passed,57.0,10.28,True
2025-06-15 01:50:06,06-15-2025 01:48:25,251687,Pembroke_CAMP_Test_BM8,PA-II-SD,7.02,43.132607,-71.45935,213,60,0,06-15-2025 01:50:02,0.0,19.7,19.7,200.0,0.0,3.4,200.0,QQ,,69,0,69.0,1.0,0,1.0,RHZB,69,,True
2025-06-15 01:50:06,06-15-2025 01:49:04,251685,Pembroke_CAMP_Test_BM7,PA-II-SD,7.02,43.13258,-71.4596,211,61,0,06-15-2025 01:50:02,20.3,17.1,3.2,17.0,3.5,3.3,6.0,Passed,18.7,66,0,66.0,1.0,0,1.0,RHZB,66,8.95,True
2025-06-15 01:50:06,06-15-2025 01:47:49,154041,MHT2 Glosser/Parkside School2 Manchester,PA-II-SD,7.02,42.988956,-71.47882,190,64,0,06-15-2025 01:50:02,13.7,13.3,0.4,3.0,0.0,0.3,200.0,Passed,13.5,60,0,60.0,1.0,0,1.0,RHZB,60,6.19,True
2025-06-15 01:50:06,06-15-2025 01:49:33,196631,We Share The Air,PA-II-FLEX,7.04,43.18085,-70.866714,140,65,65,06-15-2025 01:50:02,10.2,10.7,0.5,5.0,0.0,0.1,200.0,Passed,10.45,58,58,0.0,1.0,1.0,0.0,Passed,58.0,4.47,True
2025-06-15 01:50:06,06-15-2025 01:49:17,154001,MHT7 Hayward Street,PA-II-SD,7.02,42.980053,-71.44131,297,64,0,06-15-2025 01:50:02,19.4,16.2,3.2,18.0,0.0,0.2,200.0,Passed,17.8,62,0,62.0,0.0,0,0.0,RHZB,62,8.68,True
2025-06-15 01:50:06,06-15-2025 01:49:13,153987,MHT 6 UU Church,PA-II-SD,7.02,42.998104,-71.45816,250,64,0,06-15-2025 01:50:02,15.1,15.9,0.8,5.0,0.3,0.2,40.0,Passed,15.5,59,0,59.0,1.0,0,1.0,RHZB,59,7.48,True
2025-06-15 01:50:06,06-15-2025 01:49:21,153768,Pembroke_CAMP_Test_BM36,PA-II-SD,7.02,43.13242,-71.458534,229,60,0,06-15-2025 01:50:02,20.0,21.0,1.0,5.0,4.2,3.9,7.0,Passed,20.5,65,0,65.0,1.0,0,1.0,RHZB,65,10.11,True
2025-06-15 01:50:06,06-15-2025 01:48:47,267191,Pembroke_CAMP_Test_BM25,PA-II-SD,7.02,43.132614,-71.459175,220,60,0,06-15-2025 01:50:02,19.4,19.3,0.1,1.0,3.8,3.8,0.0,Passed,19.35,65,0,65.0,1.0,0,1.0,RHZB,65,9.41,True
2025-06-15 01:50:06,06-15-2025 01:49:22,267199,Pembroke_CAMP_Test_BM30,PA-II-SD,7.02,43.13262,-71.4584,229,60,0,06-15-2025 01:50:02,19.9,20.7,0.8,4.0,3.6,3.8,5.0,Passed,20.3,68,0,68.0,1.0,0,1.0,RHZB,68,9.78,True
2025-06-15 01:50:06,06-15-2025 01:48:24,267193,Pembroke_CAMP_Test_BM26,PA-II-SD,7.02,43.13261,-71.45895,230,60,0,06-15-2025 01:50:02,20.6,19.6,1.0,5.0,3.4,4.0,16.0,Passed,20.1,66,0,66.0,1.0,0,1.0,RHZB,66,9.8,True
2025-06-15 01:50:06,06-15-2025 01:48:06,267195,Pembroke_CAMP_Test_BM28,PA-II-SD,7.02,43.132614,-71.45872,231,58,0,06-15-2025 01:50:02,19.3,19.2,0.1,1.0,3.2,3.6,12.0,Passed,19.25,70,0,70.0,2.0,0,2.0,RHZB,70,9.0,True
2025-06-15 01:50:06,06-15-2025 01:48:27,273601,Heavens Plateau,PA-II-ZEN,7.04,43.520084,-71.81902,960,65,65,06-15-2025 01:50:02,19.3,19.9,0.6,3.0,0.0,0.3,200.0,Passed,19.6,54,54,0.0,0.0,0.0,0.0,Passed,54.0,10.34,True
2025-06-15 01:50:06,06-15-2025 01:49:39,12208,KSC 11,PA-II,7.02,42.94131,-72.28043,507,67,0,06-15-2025 01:50:02,17.3,17.0,0.3,2.0,0.5,0.8,46.0,Passed,17.15,54,0,54.0,0.0,0,0.0,RHZB,54,8.84,True
2025-06-15 01:50:06,06-05-2025 09:55:16,275390,Murphy Dam,PA-II-FLEX,7.02,45.050266,-71.38472,1333,89,89,06-15-2025 01:50:02,32.0,31.0,1.0,3.0,0.0,0.0,0,T,T,,37,37,0,0.0,0.0,Passed,,,True
2025-06-15 01:50:06,06-15-2025 01:49:15,1202,KSC 19,PA-II,6.06b,42.936554,-72.27102,488,67,0,06-15-2025 01:50:02,15.3,12.8,2.5,18.0,0.0,0.2,200.0,Passed,14.05,86,0,86.0,0.0,0,0.0,RHZB,86,4.71,True
2025-06-15 01:50:06,06-15-2025 01:48:54,137660,"Richmond Road, Troy",PA-II,7.02,42.819466,-72.20832,1272,61,0,06-15-2025 01:50:02,11.9,9.2,2.7,26.0,0.2,0.1,67.0,Passed,10.55,71,0,71.0,0.0,0,0.0,RHZB,71,3.63,True
2025-06-15 01:50:06,06-15-2025 01:48:50,143456,Junder22,PA-II,7.02,43.08963,-71.50244,619,58,0,06-15-2025 01:50:02,14.4,14.0,0.4,3.0,0.1,0.2,67.0,Passed,14.2,68,0,68.0,1.0,0,1.0,RHZB,68,6.06,True
2025-06-15 01:50:06,06-15-2025 01:48:15,153512,MHT5 Northest Manchester- Cutler Lane,PA-II-SD,7.02,43.01304,-71.41953,495,62,0,06-15-2025 01:50:02,12.3,11.5,0.8,7.0,0.1,0.0,200.0,Passed,11.9,64,0,64.0,1.0,0,1.0,RHZB,64,4.94,True
2025-06-15 01:50:06,06-15-2025 01:48:46,153734,Pembroke_CAMP_Test_BM33,PA-II-SD,7.02,43.132404,-71.458824,231,60,0,06-15-2025 01:50:02,20.3,21.8,1.5,7.0,3.8,4.2,10.0,Passed,21.05,69,0,69.0,3.0,0,3.0,RHZB,69,10.17,True
2025-06-15 01:50:06,06-15-2025 01:49:22,153750,Pembroke_CAMP_Test_BM32,PA-II-SD,7.02,43.132385,-71.458916,230,60,0,06-15-2025 01:50:02,20.1,19.9,0.2,1.0,3.3,3.6,9.0,Passed,20.0,63,0,63.0,1.0,0,1.0,RHZB,63,9.95,True
2025-06-15 01:50:06,06-15-2025 01:48:06,153764,Pembroke_CAMP_Test_BM38,PA-II-SD,7.02,43.13242,-71.45837,231,60,0,06-15-2025 01:50:02,22.6,21.2,1.4,6.0,4.2,4.3,2.0,Passed,21.9,69,0,69.0,2.0,0,2.0,RHZB,69,10.69,True
2025-06-15 01:50:06,06-15-2025 01:48:21,115703,"Waterville Valley, NH",PA-II,7.02,43.953625,-71.50886,1493,51,0,06-15-2025 01:50:02,9.0,10.4,1.4,14.0,0.3,0.1,100.0,Passed,9.7,63,0,63.0,1.0,0,1.0,RHZB,63,3.67,True
2025-06-15 02:00:06,06-15-2025 01:59:49,154041,MHT2 Glosser/Parkside School2 Manchester,PA-II-SD,7.02,42.988956,-71.47882,190,64,0,06-15-2025 02:00:02,14.1,13.6,0.5,4.0,0.4,0.3,29.0,Passed,13.85,60,0,60.0,0.0,0,0.0,RHZB,60,6.41,True
2025-06-15 02:00:06,06-15-2025 01:58:58,154045,MHT3 Northwest School Manchester,PA-II-SD,7.02,42.999123,-71.48408,240,63,0,06-15-2025 02:00:02,15.0,14.4,0.6,4.0,0.2,0.2,0.0,Passed,14.7,59,0,59.0,1.0,0,1.0,RHZB,59,7.0,True
2025-06-15 02:00:06,06-15-2025 01:59:34,154425,MHT4 North End Manchester,PA-II-SD,7.02,43.023964,-71.46163,383,62,0,06-15-2025 02:00:02,17.9,16.6,1.3,8.0,0.9,1.1,20.0,Passed,17.25,64,0,64.0,0.0,0,0.0,RHZB,64,8.2,True
2025-06-15 02:00:06,06-15-2025 01:59:17,160753,KSC 42,PA-II,7.02,42.957714,-72.3163,521,64,0,06-15-2025 02:00:02,18.1,19.5,1.4,7.0,0.1,0.2,67.0,Passed,18.8,61,0,61.0,0.0,0,0.0,RHZB,61,9.36,True
2025-06-15 02:00:06,06-15-2025 01:59:01,175137,MHT9 Hanover Street,PA-II-FLEX,7.04,42.990227,-71.43767,357,65,65,06-15-2025 02:00:02,16.9,16.9,0.0,0.0,0.4,0.1,120.0,Passed,16.9,60,60,0.0,1.0,1.0,0.0,Passed,60.0,8.27,True
2025-06-15 02:00:06,06-15-2025 01:58:53,187097,Convergent,PA-II-FLEX,7.04,42.758415,-71.65097,605,68,68,06-15-2025 02:00:02,14.9,13.7,1.2,8.0,0.2,0.0,200.0,Passed,14.3,56,56,0.0,1.0,1.0,0.0,Passed,56.0,6.96,True
2025-06-15 02:00:06,06-15-2025 01:59:14,189581,New Hampton,PA-II-FLEX,7.04,43.6174,-71.6282,523,67,67,06-15-2025 02:00:02,17.7,23.9,6.2,30.0,0.3,0.7,80.0,Passed,20.8,48,48,0.0,1.0,1.0,0.0,Passed,48.0,11.49,True
2025-06-15 02:00:06,06-15-2025 01:58:52,200757,Sutton Mills,PA-II-ZEN,7.04,43.33507,-71.95151,750,68,68,06-15-2025 02:00:02,19.1,19.6,0.5,3.0,0.1,0.0,200.0,Passed,19.35,52,52,0.0,2.0,2.0,0.0,Passed,52.0,10.32,True
2025-06-15 02:00:06,06-15-2025 01:59:33,196631,We Share The Air,PA-II-FLEX,7.04,43.18085,-70.866714,140,65,65,06-15-2025 02:00:02,10.0,10.6,0.6,6.0,0.2,0.1,67.0,Passed,10.3,58,58,0.0,0.0,0.0,0.0,Passed,58.0,4.38,True
2025-06-15 02:00:06,06-15-2025 01:58:50,220415,Nashua 1,PA-II-ZEN,7.04,42.75815,-71.4652,151,68,68,06-15-2025 02:00:02,13.9,14.3,0.4,3.0,0.1,0.0,200.0,Passed,14.1,52,52,0.0,0.0,0.0,0.0,Passed,52.0,7.12,True
2025-06-15 02:00:06,06-15-2025 01:59:02,221421,Nashua 2,PA-II-ZEN,7.04,42.7496,-71.51419,198,70,70,06-15-2025 02:00:02,13.4,13.0,0.4,3.0,0.2,0.7,111.0,Passed,13.2,47,47,0.0,1.0,1.0,0.0,Passed,47.0,6.92,True
2025-06-15 02:00:06,06-15-2025 01:59:16,244091,Center Harbor Fire Station,PA-II-FLEX,7.04,43.708385,-71.46329,558,65,65,06-15-2025 02:00:02,20.4,19.4,1.0,5.0,0.0,0.1,200.0,Passed,19.9,57,57,0.0,0.0,0.0,0.0,Passed,57.0,10.31,True
2025-06-15 02:00:06,06-15-2025 01:58:25,251687,Pembroke_CAMP_Test_BM8,PA-II-SD,7.02,43.132607,-71.45935,213,59,0,06-15-2025 02:00:02,0.0,21.2,21.2,200.0,0.0,1.5,200.0,QQ,,68,0,68.0,1.0,0,1.0,RHZB,68,,True
2025-06-15 02:00:06,06-15-2025 01:59:18,154001,MHT7 Hayward Street,PA-II-SD,7.02,42.980053,-71.44131,297,64,0,06-15-2025 02:00:02,19.0,15.8,3.2,18.0,0.4,0.4,0.0,Passed,17.4,61,0,61.0,1.0,0,1.0,RHZB,61,8.5,True
2025-06-15 02:00:06,05-02-2025 12:16:47,194263,Pembroke_CAMP_40,PA-II-FLEX,7.04,43.13209,-71.46017,204,67,67,06-15-2025 02:00:02,11.8,11.9,0.1,1.0,0.0,0.0,0,T,T,,50,50,0,0.0,0.0,Passed,,,True
2025-06-15 02:00:06,06-15-2025 01:59:13,153987,MHT 6 UU Church,PA-II-SD,7.02,42.998104,-71.45816,250,63,0,06-15-2025 02:00:02,15.7,16.3,0.6,4.0,0.6,0.4,40.0,Passed,16.0,59,0,59.0,0.0,0,0.0,RHZB,59,7.79,True
2025-06-15 02:00:06,06-15-2025 01:59:04,251685,Pembroke_CAMP_Test_BM7,PA-II-SD,7.02,43.13258,-71.4596,211,60,0,06-15-2025 02:00:02,22.1,18.7,3.4,17.0,1.8,1.6,12.0,Passed,20.4,65,0,65.0,1.0,0,1.0,RHZB,65,10.05,True
2025-06-15 02:00:06,06-15-2025 01:58:06,153764,Pembroke_CAMP_Test_BM38,PA-II-SD,7.02,43.13242,-71.45837,231,60,0,06-15-2025 02:00:02,25.1,23.0,2.1,9.0,2.5,1.8,33.0,Passed,24.05,68,0,68.0,1.0,0,1.0,RHZB,68,12.07,True
2025-06-15 02:00:06,06-15-2025 01:59:15,1202,KSC 19,PA-II,6.06b,42.936554,-72.27102,488,67,0,06-15-2025 02:00:02,15.4,12.7,2.7,19.0,0.1,0.1,0.0,Passed,14.05,86,0,86.0,0.0,0,0.0,RHZB,86,4.71,True
2025-06-15 02:00:06,06-15-2025 01:58:47,267191,Pembroke_CAMP_Test_BM25,PA-II-SD,7.02,43.132614,-71.459175,220,60,0,06-15-2025 02:00:02,21.3,21.2,0.1,0.0,1.9,1.9,0.0,Passed,21.25,64,0,64.0,1.0,0,1.0,RHZB,64,10.64,True
2025-06-15 02:00:06,06-15-2025 01:59:22,267199,Pembroke_CAMP_Test_BM30,PA-II-SD,7.02,43.13262,-71.4584,229,60,0,06-15-2025 02:00:02,21.3,22.2,0.9,4.0,1.4,1.5,7.0,Passed,21.75,68,0,68.0,0.0,0,0.0,RHZB,68,10.67,True
2025-06-15 02:00:06,06-15-2025 01:58:24,267193,Pembroke_CAMP_Test_BM26,PA-II-SD,7.02,43.13261,-71.45895,230,60,0,06-15-2025 02:00:02,22.6,21.6,1.0,5.0,2.0,2.0,0.0,Passed,22.1,66,0,66.0,0.0,0,0.0,RHZB,66,11.02,True
2025-06-15 02:00:06,06-15-2025 01:58:06,267195,Pembroke_CAMP_Test_BM28,PA-II-SD,7.02,43.132614,-71.45872,231,58,0,06-15-2025 02:00:02,21.3,21.3,0.0,0.0,2.0,2.1,5.0,Passed,21.3,68,0,68.0,2.0,0,2.0,RHZB,68,10.39,True
2025-06-15 02:00:06,06-15-2025 01:58:26,273601,Heavens Plateau,PA-II-ZEN,7.04,43.520084,-71.81902,960,65,65,06-15-2025 02:00:02,19.7,19.8,0.1,1.0,0.4,0.1,120.0,Passed,19.75,55,55,0.0,1.0,1.0,0.0,Passed,55.0,10.36,True
2025-06-15 02:00:06,06-15-2025 01:59:39,12208,KSC 11,PA-II,7.02,42.94131,-72.28043,507,67,0,06-15-2025 02:00:02,16.6,16.5,0.1,1.0,0.7,0.5,33.0,Passed,16.55,54,0,54.0,0.0,0,0.0,RHZB,54,8.48,True
2025-06-15 02:00:06,06-15-2025 01:59:21,153768,Pembroke_CAMP_Test_BM36,PA-II-SD,7.02,43.13242,-71.458534,229,60,0,06-15-2025 02:00:02,21.5,22.7,1.2,5.0,1.5,1.7,12.0,Passed,22.1,64,0,64.0,1.0,0,1.0,RHZB,64,11.16,True
2025-06-15 02:00:06,06-15-2025 01:58:21,115703,"Waterville Valley, NH",PA-II,7.02,43.953625,-71.50886,1493,51,0,06-15-2025 02:00:02,9.2,10.1,0.9,9.0,0.2,0.3,40.0,Passed,9.65,64,0,64.0,1.0,0,1.0,RHZB,64,3.57,True
2025-06-15 02:00:06,06-15-2025 01:58:54,137660,"Richmond Road, Troy",PA-II,7.02,42.819466,-72.20832,1272,60,0,06-15-2025 02:00:02,11.9,9.1,2.8,27.0,0.0,0.1,200.0,Passed,10.5,71,0,71.0,0.0,0,0.0,RHZB,71,3.59,True
2025-06-15 02:00:06,06-15-2025 01:58:50,143456,Junder22,PA-II,7.02,43.08963,-71.50244,619,58,0,06-15-2025 02:00:02,14.5,14.2,0.3,2.0,0.1,0.2,67.0,Passed,14.35,69,0,69.0,1.0,0,1.0,RHZB,69,6.08,True
2025-06-15 02:00:06,06-15-2025 01:58:15,153512,MHT5 Northest Manchester- Cutler Lane,PA-II-SD,7.02,43.01304,-71.41953,495,62,0,06-15-2025 02:00:02,12.5,11.3,1.2,10.0,0.2,0.2,0.0,Passed,11.9,65,0,65.0,1.0,0,1.0,RHZB,65,4.87,True
2025-06-15 02:00:06,06-15-2025 01:58:46,153734,Pembroke_CAMP_Test_BM33,PA-II-SD,7.02,43.132404,-71.458824,231,60,0,06-15-2025 02:00:02,22.4,23.4,1.0,4.0,2.1,1.6,27.0,Passed,22.9,66,0,66.0,3.0,0,3.0,RHZB,66,11.51,True
2025-06-15 02:00:06,06-15-2025 01:59:21,153750,Pembroke_CAMP_Test_BM32,PA-II-SD,7.02,43.132385,-71.458916,230,60,0,06-15-2025 02:00:02,21.8,22.2,0.4,2.0,1.7,2.3,30.0,Passed,22.0,63,0,63.0,0.0,0,0.0,RHZB,63,11.17,True
2025-06-15 02:00:06,06-05-2025 09:55:16,275390,Murphy Dam,PA-II-FLEX,7.02,45.050266,-71.38472,1333,89,89,06-15-2025 02:00:02,32.0,31.0,1.0,3.0,0.0,0.0,0,T,T,,37,37,0,0.0,0.0,Passed,,,True
2025-06-15 02:10:06,06-15-2025 02:08:58,154045,MHT3 Northwest School Manchester,PA-II-SD,7.02,42.999123,-71.48408,240,62,0,06-15-2025 02:10:02,15.3,14.4,0.9,6.0,0.3,0.0,200.0,Passed,14.85,59,0,59.0,0.0,0,0.0,RHZB,59,7.09,True
2025-06-15 02:10:06,06-15-2025 02:07:34,154425,MHT4 North End Manchester,PA-II-SD,7.02,43.023964,-71.46163,383,62,0,06-15-2025 02:10:02,17.7,16.0,1.7,10.0,0.2,0.6,100.0,Passed,16.85,64,0,64.0,0.0,0,0.0,RHZB,64,7.96,True
2025-06-15 02:10:06,06-15-2025 02:09:17,160753,KSC 42,PA-II,7.02,42.957714,-72.3163,521,64,0,06-15-2025 02:10:02,18.2,19.7,1.5,8.0,0.1,0.2,67.0,Passed,18.95,61,0,61.0,0.0,0,0.0,RHZB,61,9.45,True
2025-06-15 02:10:06,06-15-2025 02:09:01,175137,MHT9 Hanover Street,PA-II-FLEX,7.04,42.990227,-71.43767,357,66,66,06-15-2025 02:10:02,16.3,16.8,0.5,3.0,0.6,0.1,143.0,Passed,16.55,59,59,0.0,1.0,1.0,0.0,Passed,59.0,8.13,True
2025-06-15 02:10:06,06-15-2025 02:08:53,187097,Convergent,PA-II-FLEX,7.04,42.758415,-71.65097,605,68,68,06-15-2025 02:10:02,15.0,13.6,1.4,10.0,0.1,0.1,0.0,Passed,14.3,56,56,0.0,0.0,0.0,0.0,Passed,56.0,6.96,True
2025-06-15 02:10:06,06-15-2025 02:09:14,189581,New Hampton,PA-II-FLEX,7.04,43.6174,-71.6282,523,66,66,06-15-2025 02:10:02,18.1,24.3,6.2,29.0,0.4,0.4,0.0,Passed,21.2,49,49,0.0,1.0,1.0,0.0,Passed,49.0,11.66,True
2025-06-15 02:10:06,05-02-2025 12:16:47,194263,Pembroke_CAMP_40,PA-II-FLEX,7.04,43.13209,-71.46017,204,67,67,06-15-2025 02:10:02,11.8,11.9,0.1,1.0,0.0,0.0,0,T,T,,50,50,0,0.0,0.0,Passed,,,True
2025-06-15 02:10:06,06-15-2025 02:08:50,220415,Nashua 1,PA-II-ZEN,7.04,42.75815,-71.4652,151,68,68,06-15-2025 02:10:02,13.7,14.1,0.4,3.0,0.2,0.2,0.0,Passed,13.9,52,52,0.0,0.0,0.0,0.0,Passed,52.0,7.0,True
2025-06-15 02:10:06,06-15-2025 02:08:52,200757,Sutton Mills,PA-II-ZEN,7.04,43.33507,-71.95151,750,68,68,06-15-2025 02:10:02,19.2,19.6,0.4,2.0,0.1,0.0,200.0,Passed,19.4,51,51,0.0,1.0,1.0,0.0,Passed,51.0,10.42,True
2025-06-15 02:10:06,06-15-2025 02:09:03,221421,Nashua 2,PA-II-ZEN,7.04,42.7496,-71.51419,198,70,70,06-15-2025 02:10:02,13.4,12.9,0.5,4.0,0.0,0.1,200.0,Passed,13.15,48,48,0.0,1.0,1.0,0.0,Passed,48.0,6.82,True
2025-06-15 02:10:06,06-15-2025 02:09:16,244091,Center Harbor Fire Station,PA-II-FLEX,7.04,43.708385,-71.46329,558,65,65,06-15-2025 02:10:02,20.6,19.2,1.4,7.0,0.2,0.2,0.0,Passed,19.9,57,57,0.0,0.0,0.0,0.0,Passed,57.0,10.31,True
2025-06-15 02:10:06,06-15-2025 02:08:25,251687,Pembroke_CAMP_Test_BM8,PA-II-SD,7.02,43.132607,-71.45935,213,60,0,06-15-2025 02:10:02,0.0,24.1,24.1,200.0,0.0,2.9,200.0,QQ,,69,0,69.0,1.0,0,1.0,RHZB,69,,True
2025-06-15 02:10:06,06-15-2025 02:09:04,251685,Pembroke_CAMP_Test_BM7,PA-II-SD,7.02,43.13258,-71.4596,211,61,0,06-15-2025 02:10:02,25.6,22.3,3.3,14.0,3.5,3.6,3.0,Passed,23.95,66,0,66.0,1.0,0,1.0,RHZB,66,12.15,True
2025-06-15 02:10:06,06-15-2025 02:09:49,154041,MHT2 Glosser/Parkside School2 Manchester,PA-II-SD,7.02,42.988956,-71.47882,190,64,0,06-15-2025 02:10:02,14.3,14.1,0.2,1.0,0.2,0.5,86.0,Passed,14.2,60,0,60.0,0.0,0,0.0,RHZB,60,6.62,True
2025-06-15 02:10:06,06-15-2025 02:09:33,196631,We Share The Air,PA-II-FLEX,7.04,43.18085,-70.866714,140,64,64,06-15-2025 02:10:02,9.8,10.4,0.6,6.0,0.2,0.2,0.0,Passed,10.1,58,58,0.0,0.0,0.0,0.0,Passed,58.0,4.26,True
2025-06-15 02:10:06,06-15-2025 02:09:18,154001,MHT7 Hayward Street,PA-II-SD,7.02,42.980053,-71.44131,297,64,0,06-15-2025 02:10:02,18.5,15.4,3.1,18.0,0.5,0.4,22.0,Passed,16.95,62,0,62.0,1.0,0,1.0,RHZB,62,8.16,True
2025-06-15 02:10:06,06-15-2025 02:09:13,153987,MHT 6 UU Church,PA-II-SD,7.02,42.998104,-71.45816,250,64,0,06-15-2025 02:10:02,15.9,16.6,0.7,4.0,0.2,0.3,40.0,Passed,16.25,60,0,60.0,1.0,0,1.0,RHZB,60,7.87,True
2025-06-15 02:10:06,06-15-2025 02:09:22,153768,Pembroke_CAMP_Test_BM36,PA-II-SD,7.02,43.13242,-71.458534,229,60,0,06-15-2025 02:10:02,25.3,26.5,1.2,5.0,3.8,3.8,0.0,Passed,25.9,65,0,65.0,1.0,0,1.0,RHZB,65,13.41,True
2025-06-15 02:10:06,06-15-2025 02:08:47,267191,Pembroke_CAMP_Test_BM25,PA-II-SD,7.02,43.132614,-71.459175,220,60,0,06-15-2025 02:10:02,24.7,24.8,0.1,0.0,3.4,3.6,6.0,Passed,24.75,65,0,65.0,1.0,0,1.0,RHZB,65,12.71,True
2025-06-15 02:10:06,06-15-2025 02:09:22,267199,Pembroke_CAMP_Test_BM30,PA-II-SD,7.02,43.13262,-71.4584,229,60,0,06-15-2025 02:10:02,25.1,25.7,0.6,2.0,3.8,3.5,8.0,Passed,25.4,69,0,69.0,1.0,0,1.0,RHZB,69,12.82,True
2025-06-15 02:10:06,06-15-2025 02:08:24,267193,Pembroke_CAMP_Test_BM26,PA-II-SD,7.02,43.13261,-71.45895,230,60,0,06-15-2025 02:10:02,26.1,25.3,0.8,3.0,3.5,3.7,6.0,Passed,25.7,67,0,67.0,1.0,0,1.0,RHZB,67,13.15,True
2025-06-15 02:10:06,06-15-2025 02:08:06,267195,Pembroke_CAMP_Test_BM28,PA-II-SD,7.02,43.132614,-71.45872,231,59,0,06-15-2025 02:10:02,24.4,24.7,0.3,1.0,3.1,3.4,9.0,Passed,24.55,70,0,70.0,2.0,0,2.0,RHZB,70,12.24,True
2025-06-15 02:10:06,06-15-2025 02:08:26,273601,Heavens Plateau,PA-II-ZEN,7.04,43.520084,-71.81902,960,65,65,06-15-2025 02:10:02,19.8,19.8,0.0,0.0,0.1,0.0,200.0,Passed,19.8,54,54,0.0,1.0,1.0,0.0,Passed,54.0,10.46,True
2025-06-15 02:10:06,06-15-2025 02:09:39,12208,KSC 11,PA-II,7.02,42.94131,-72.28043,507,67,0,06-15-2025 02:10:02,16.2,15.9,0.3,2.0,0.4,0.6,40.0,Passed,16.05,54,0,54.0,0.0,0,0.0,RHZB,54,8.17,True
2025-06-15 02:10:06,06-05-2025 09:55:16,275390,Murphy Dam,PA-II-FLEX,7.02,45.050266,-71.38472,1333,89,89,06-15-2025 02:10:02,32.0,31.0,1.0,3.0,0.0,0.0,0,T,T,,37,37,0,0.0,0.0,Passed,,,True
2025-06-15 02:10:06,06-15-2025 02:09:16,1202,KSC 19,PA-II,6.06b,42.936554,-72.27102,488,67,0,06-15-2025 02:10:02,15.3,12.8,2.5,18.0,0.1,0.1,0.0,Passed,14.05,86,0,86.0,0.0,0,0.0,RHZB,86,4.71,True
2025-06-15 02:10:06,06-15-2025 02:08:55,137660,"Richmond Road, Troy",PA-II,7.02,42.819466,-72.20832,1272,61,0,06-15-2025 02:10:02,12.2,8.9,3.3,31.0,0.3,0.2,40.0,Passed,10.55,71,0,71.0,0.0,0,0.0,RHZB,71,3.63,True
2025-06-15 02:10:06,06-15-2025 02:08:50,143456,Junder22,PA-II,7.02,43.08963,-71.50244,619,58,0,06-15-2025 02:10:02,14.4,14.2,0.2,1.0,0.1,0.0,200.0,Passed,14.3,69,0,69.0,0.0,0,0.0,RHZB,69,6.05,True
2025-06-15 02:10:06,06-15-2025 02:08:15,153512,MHT5 Northest Manchester- Cutler Lane,PA-II-SD,7.02,43.01304,-71.41953,495,62,0,06-15-2025 02:10:02,12.4,11.6,0.8,7.0,0.1,0.3,100.0,Passed,12.0,65,0,65.0,0.0,0,0.0,RHZB,65,4.93,True
2025-06-15 02:10:06,06-15-2025 02:08:46,153734,Pembroke_CAMP_Test_BM33,PA-II-SD,7.02,43.132404,-71.458824,231,60,0,06-15-2025 02:10:02,25.6,26.7,1.1,4.0,3.2,3.3,3.0,Passed,26.15,68,0,68.0,2.0,0,2.0,RHZB,68,13.35,True
2025-06-15 02:10:06,06-15-2025 02:09:21,153750,Pembroke_CAMP_Test_BM32,PA-II-SD,7.02,43.132385,-71.458916,230,60,0,06-15-2025 02:10:02,25.5,25.6,0.1,0.0,3.7,3.4,8.0,Passed,25.55,63,0,63.0,0.0,0,0.0,RHZB,63,13.34,True
2025-06-15 02:10:06,06-15-2025 02:08:06,153764,Pembroke_CAMP_Test_BM38,PA-II-SD,7.02,43.13242,-71.45837,231,60,0,06-15-2025 02:10:02,28.3,26.6,1.7,6.0,3.2,3.6,12.0,Passed,27.45,69,0,69.0,1.0,0,1.0,RHZB,69,14.07,True
2025-06-15 02:10:06,06-15-2025 02:08:21,115703,"Waterville Valley, NH",PA-II,7.02,43.953625,-71.50886,1493,51,0,06-15-2025 02:10:02,9.1,10.4,1.3,13.0,0.1,0.3,100.0,Passed,9.75,64,0,64.0,0.0,0,0.0,RHZB,64,3.63,True
2025-06-15 02:20:06,06-15-2025 02:17:49,154041,MHT2 Glosser/Parkside School2 Manchester,PA-II-SD,7.02,42.988956,-71.47882,190,63,0,06-15-2025 02:20:02,14.3,14.0,0.3,2.0,0.0,0.1,200.0,Passed,14.15,60,0,60.0,0.0,0,0.0,RHZB,60,6.59,True
2025-06-15 02:20:06,06-15-2025 02:18:58,154045,MHT3 Northwest School Manchester,PA-II-SD,7.02,42.999123,-71.48408,240,62,0,06-15-2025 02:20:02,15.4,14.3,1.1,7.0,0.1,0.1,0.0,Passed,14.85,60,0,60.0,1.0,0,1.0,RHZB,60,7.02,True
2025-06-15 02:20:06,06-15-2025 02:19:35,154425,MHT4 North End Manchester,PA-II-SD,7.02,43.023964,-71.46163,383,62,0,06-15-2025 02:20:02,17.1,15.7,1.4,9.0,0.6,0.3,67.0,Passed,16.4,64,0,64.0,0.0,0,0.0,RHZB,64,7.68,True
2025-06-15 02:20:06,06-15-2025 02:19:17,160753,KSC 42,PA-II,7.02,42.957714,-72.3163,521,64,0,06-15-2025 02:20:02,17.9,19.6,1.7,9.0,0.3,0.1,100.0,Passed,18.75,62,0,62.0,1.0,0,1.0,RHZB,62,9.26,True
2025-06-15 02:20:06,06-15-2025 02:19:01,175137,MHT9 Hanover Street,PA-II-FLEX,7.04,42.990227,-71.43767,357,66,66,06-15-2025 02:20:02,16.3,16.4,0.1,1.0,0.0,0.4,200.0,Passed,16.35,58,58,0.0,1.0,1.0,0.0,Passed,58.0,8.07,True
2025-06-15 02:20:06,06-15-2025 02:18:54,187097,Convergent,PA-II-FLEX,7.04,42.758415,-71.65097,605,68,68,06-15-2025 02:20:02,14.9,13.6,1.3,9.0,0.1,0.0,200.0,Passed,14.25,56,56,0.0,0.0,0.0,0.0,Passed,56.0,6.93,True
2025-06-15 02:20:06,06-15-2025 02:19:14,189581,New Hampton,PA-II-FLEX,7.04,43.6174,-71.6282,523,66,66,06-15-2025 02:20:02,18.6,25.1,6.5,30.0,0.5,0.8,46.0,Passed,21.85,49,49,0.0,0.0,0.0,0.0,Passed,49.0,12.06,True
2025-06-15 02:20:06,06-15-2025 02:18:52,200757,Sutton Mills,PA-II-ZEN,7.04,43.33507,-71.95151,750,68,68,06-15-2025 02:20:02,19.5,19.7,0.2,1.0,0.3,0.1,100.0,Passed,19.6,51,51,0.0,0.0,0.0,0.0,Passed,51.0,10.55,True
2025-06-15 02:20:06,06-15-2025 02:19:33,196631,We Share The Air,PA-II-FLEX,7.04,43.18085,-70.866714,140,65,65,06-15-2025 02:20:02,9.8,10.3,0.5,5.0,0.0,0.1,200.0,Passed,10.05,58,58,0.0,0.0,0.0,0.0,Passed,58.0,4.23,True
2025-06-15 02:20:06,06-15-2025 02:18:51,220415,Nashua 1,PA-II-ZEN,7.04,42.75815,-71.4652,151,69,69,06-15-2025 02:20:02,13.3,13.7,0.4,3.0,0.4,0.4,0.0,Passed,13.5,51,51,0.0,1.0,1.0,0.0,Passed,51.0,6.82,True
2025-06-15 02:20:06,06-15-2025 02:19:03,221421,Nashua 2,PA-II-ZEN,7.04,42.7496,-71.51419,198,70,70,06-15-2025 02:20:02,13.4,13.0,0.4,3.0,0.0,0.1,200.0,Passed,13.2,48,48,0.0,0.0,0.0,0.0,Passed,48.0,6.85,True
2025-06-15 02:20:06,06-15-2025 02:19:16,244091,Center Harbor Fire Station,PA-II-FLEX,7.04,43.708385,-71.46329,558,66,66,06-15-2025 02:20:02,20.6,19.7,0.9,4.0,0.0,0.5,200.0,Passed,20.15,56,56,0.0,1.0,1.0,0.0,Passed,56.0,10.53,True
2025-06-15 02:20:06,06-15-2025 02:18:25,251687,Pembroke_CAMP_Test_BM8,PA-II-SD,7.02,43.132607,-71.45935,213,59,0,06-15-2025 02:20:02,0.0,25.3,25.3,200.0,0.0,1.2,200.0,QQ,,71,0,71.0,2.0,0,2.0,RHZB,71,,True
2025-06-15 02:20:06,06-15-2025 02:19:18,154001,MHT7 Hayward Street,PA-II-SD,7.02,42.980053,-71.44131,297,64,0,06-15-2025 02:20:02,17.9,15.2,2.7,16.0,0.6,0.2,100.0,Passed,16.55,62,0,62.0,0.0,0,0.0,RHZB,62,7.92,True
2025-06-15 02:20:06,05-02-2025 12:16:47,194263,Pembroke_CAMP_40,PA-II-FLEX,7.04,43.13209,-71.46017,204,67,67,06-15-2025 02:20:02,11.8,11.9,0.1,1.0,0.0,0.0,0,T,T,,50,50,0,0.0,0.0,Passed,,,True
2025-06-15 02:20:06,06-15-2025 02:19:13,153987,MHT 6 UU Church,PA-II-SD,7.02,42.998104,-71.45816,250,63,0,06-15-2025 02:20:02,15.9,16.8,0.9,6.0,0.0,0.2,200.0,Passed,16.35,60,0,60.0,0.0,0,0.0,RHZB,60,7.93,True
2025-06-15 02:20:06,06-15-2025 02:19:04,251685,Pembroke_CAMP_Test_BM7,PA-II-SD,7.02,43.13258,-71.4596,211,60,0,06-15-2025 02:20:02,25.9,23.2,2.7,11.0,0.3,0.9,100.0,Passed,24.55,67,0,67.0,1.0,0,1.0,RHZB,67,12.45,True
2025-06-15 02:20:06,06-15-2025 02:18:06,153764,Pembroke_CAMP_Test_BM38,PA-II-SD,7.02,43.13242,-71.45837,231,59,0,06-15-2025 02:20:02,29.0,27.6,1.4,5.0,0.7,1.0,35.0,Passed,28.3,69,0,69.0,0.0,0,0.0,RHZB,69,14.59,True
2025-06-15 02:20:06,06-15-2025 02:19:16,1202,KSC 19,PA-II,6.06b,42.936554,-72.27102,488,67,0,06-15-2025 02:20:02,14.9,12.9,2.0,14.0,0.4,0.1,120.0,Passed,13.9,87,0,87.0,1.0,0,1.0,RHZB,87,4.55,True
2025-06-15 02:20:06,06-15-2025 02:18:47,267191,Pembroke_CAMP_Test_BM25,PA-II-SD,7.02,43.132614,-71.459175,220,60,0,06-15-2025 02:20:02,25.7,25.5,0.2,1.0,1.0,0.7,35.0,Passed,25.6,65,0,65.0,0.0,0,0.0,RHZB,65,13.23,True
2025-06-15 02:20:06,06-15-2025 02:19:22,267199,Pembroke_CAMP_Test_BM30,PA-II-SD,7.02,43.13262,-71.4584,229,59,0,06-15-2025 02:20:02,25.7,25.9,0.2,1.0,0.6,0.2,100.0,Passed,25.8,69,0,69.0,0.0,0,0.0,RHZB,69,13.07,True
2025-06-15 02:20:06,06-15-2025 02:18:24,267193,Pembroke_CAMP_Test_BM26,PA-II-SD,7.02,43.13261,-71.45895,230,60,0,06-15-2025 02:20:02,26.8,26.3,0.5,2.0,0.7,1.0,35.0,Passed,26.55,67,0,67.0,0.0,0,0.0,RHZB,67,13.67,True
2025-06-15 02:20:06,06-15-2025 02:18:06,267195,Pembroke_CAMP_Test_BM28,PA-II-SD,7.02,43.132614,-71.45872,231,58,0,06-15-2025 02:20:02,25.3,25.6,0.3,1.0,0.9,0.9,0.0,Passed,25.45,70,0,70.0,0.0,0,0.0,RHZB,70,12.78,True
2025-06-15 02:20:06,06-15-2025 02:18:26,273601,Heavens Plateau,PA-II-ZEN,7.04,43.520084,-71.81902,960,65,65,06-15-2025 02:20:02,19.7,20.0,0.3,2.0,0.1,0.2,67.0,Passed,19.85,54,54,0.0,0.0,0.0,0.0,Passed,54.0,10.49,True
2025-06-15 02:20:06,06-15-2025 02:19:39,12208,KSC 11,PA-II,7.02,42.94131,-72.28043,507,67,0,06-15-2025 02:20:02,15.9,15.8,0.1,1.0,0.3,0.1,100.0,Passed,15.85,55,0,55.0,1.0,0,1.0,RHZB,55,7.98,True
2025-06-15 02:20:06,06-15-2025 02:19:21,153768,Pembroke_CAMP_Test_BM36,PA-II-SD,7.02,43.13242,-71.458534,229,59,0,06-15-2025 02:20:02,26.0,27.5,1.5,6.0,0.7,1.0,35.0,Passed,26.75,66,0,66.0,1.0,0,1.0,RHZB,66,13.86,True
2025-06-15 02:20:06,06-15-2025 02:18:21,115703,"Waterville Valley, NH",PA-II,7.02,43.953625,-71.50886,1493,51,0,06-15-2025 02:20:02,9.2,10.4,1.2,12.0,0.1,0.0,200.0,Passed,9.8,64,0,64.0,0.0,0,0.0,RHZB,64,3.66,True
2025-06-15 02:20:06,06-15-2025 02:18:54,137660,"Richmond Road, Troy",PA-II,7.02,42.819466,-72.20832,1272,60,0,06-15-2025 02:20:02,12.5,9.0,3.5,33.0,0.3,0.1,100.0,Passed,10.75,71,0,71.0,0.0,0,0.0,RHZB,71,3.75,True
2025-06-15 02:20:06,06-15-2025 02:18:51,143456,Junder22,PA-II,7.02,43.08963,-71.50244,619,58,0,06-15-2025 02:20:02,14.2,14.4,0.2,1.0,0.2,0.2,0.0,Passed,14.3,69,0,69.0,0.0,0,0.0,RHZB,69,6.05,True
2025-06-15 02:20:06,06-15-2025 02:18:15,153512,MHT5 Northest Manchester- Cutler Lane,PA-II-SD,7.02,43.01304,-71.41953,495,62,0,06-15-2025 02:20:02,12.3,11.9,0.4,3.0,0.1,0.3,100.0,Passed,12.1,65,0,65.0,0.0,0,0.0,RHZB,65,4.99,True
2025-06-15 02:20:06,06-15-2025 02:18:46,153734,Pembroke_CAMP_Test_BM33,PA-II-SD,7.02,43.132404,-71.458824,231,59,0,06-15-2025 02:20:02,26.1,27.4,1.3,5.0,0.5,0.7,33.0,Passed,26.75,69,0,69.0,1.0,0,1.0,RHZB,69,13.65,True
2025-06-15 02:20:06,06-15-2025 02:19:21,153750,Pembroke_CAMP_Test_BM32,PA-II-SD,7.02,43.132385,-71.458916,230,60,0,06-15-2025 02:20:02,25.7,26.2,0.5,2.0,0.2,0.6,100.0,Passed,25.95,64,0,64.0,1.0,0,1.0,RHZB,64,13.51,True
2025-06-15 02:20:06,06-05-2025 09:55:16,275390,Murphy Dam,PA-II-FLEX,7.02,45.050266,-71.38472,1333,89,89,06-15-2025 02:20:02,32.0,31.0,1.0,3.0,0.0,0.0,0,T,T,,37,37,0,0.0,0.0,Passed,,,True
2025-06-15 02:30:06,06-15-2025 02:29:49,154041,MHT2 Glosser/Parkside School2 Manchester,PA-II-SD,7.02,42.988956,-71.47882,190,63,0,06-15-2025 02:30:02,13.8,13.9,0.1,1.0,0.5,0.1,133.0,Passed,13.85,60,0,60.0,0.0,0,0.0,RHZB,60,6.41,True
2025-06-15 02:30:06,06-15-2025 02:18:58,154045,MHT3 Northwest School Manchester,PA-II-SD,7.02,42.999123,-71.48408,240,62,0,06-15-2025 02:30:02,15.4,14.3,1.1,7.0,0.0,0.0,0,T,T,,60,0,0.0,0,0.0,Passed,,,True
2025-06-15 02:30:06,06-15-2025 02:29:34,154425,MHT4 North End Manchester,PA-II-SD,7.02,43.023964,-71.46163,383,62,0,06-15-2025 02:30:02,16.7,15.0,1.7,11.0,0.4,0.7,55.0,Passed,15.85,64,0,64.0,0.0,0,0.0,RHZB,64,7.35,True
2025-06-15 02:30:06,06-15-2025 02:29:17,160753,KSC 42,PA-II,7.02,42.957714,-72.3163,521,64,0,06-15-2025 02:30:02,17.8,19.4,1.6,9.0,0.1,0.2,67.0,Passed,18.6,61,0,61.0,1.0,0,1.0,RHZB,61,9.24,True
2025-06-15 02:30:06,06-15-2025 02:27:01,175137,MHT9 Hanover Street,PA-II-FLEX,7.04,42.990227,-71.43767,357,65,65,06-15-2025 02:30:02,15.9,16.2,0.3,2.0,0.4,0.2,67.0,Passed,16.05,60,60,0.0,2.0,2.0,0.0,Passed,60.0,7.75,True
2025-06-15 02:30:06,06-15-2025 02:28:53,187097,Convergent,PA-II-FLEX,7.04,42.758415,-71.65097,605,68,68,06-15-2025 02:30:02,14.7,13.6,1.1,8.0,0.2,0.0,200.0,Passed,14.15,56,56,0.0,0.0,0.0,0.0,Passed,56.0,6.87,True
2025-06-15 02:30:06,06-15-2025 02:29:15,189581,New Hampton,PA-II-FLEX,7.04,43.6174,-71.6282,523,66,66,06-15-2025 02:30:02,18.8,25.4,6.6,30.0,0.2,0.3,40.0,Passed,22.1,48,48,0.0,1.0,1.0,0.0,Passed,48.0,12.28,True
2025-06-15 02:30:06,06-15-2025 02:28:53,200757,Sutton Mills,PA-II-ZEN,7.04,43.33507,-71.95151,750,68,68,06-15-2025 02:30:02,19.3,19.8,0.5,3.0,0.2,0.1,67.0,Passed,19.55,51,51,0.0,0.0,0.0,0.0,Passed,51.0,10.52,True
2025-06-15 02:30:06,06-15-2025 02:29:33,196631,We Share The Air,PA-II-FLEX,7.04,43.18085,-70.866714,140,64,64,06-15-2025 02:30:02,9.5,10.2,0.7,7.0,0.3,0.1,100.0,Passed,9.85,58,58,0.0,0.0,0.0,0.0,Passed,58.0,4.11,True
2025-06-15 02:30:06,06-15-2025 02:28:51,220415,Nashua 1,PA-II-ZEN,7.04,42.75815,-71.4652,151,67,67,06-15-2025 02:30:02,13.1,13.5,0.4,3.0,0.2,0.2,0.0,Passed,13.3,52,52,0.0,1.0,1.0,0.0,Passed,52.0,6.63,True
2025-06-15 02:30:06,06-15-2025 02:29:03,221421,Nashua 2,PA-II-ZEN,7.04,42.7496,-71.51419,198,70,70,06-15-2025 02:30:02,13.6,13.2,0.4,3.0,0.2,0.2,0.0,Passed,13.4,48,48,0.0,0.0,0.0,0.0,Passed,48.0,6.97,True
2025-06-15 02:30:06,06-15-2025 02:29:16,244091,Center Harbor Fire Station,PA-II-FLEX,7.04,43.708385,-71.46329,558,65,65,06-15-2025 02:30:02,21.2,19.8,1.4,7.0,0.6,0.1,143.0,Passed,20.5,58,58,0.0,2.0,2.0,0.0,Passed,58.0,10.6,True
2025-06-15 02:30:06,06-15-2025 02:28:25,251687,Pembroke_CAMP_Test_BM8,PA-II-SD,7.02,43.132607,-71.45935,213,60,0,06-15-2025 02:30:02,0.0,25.2,25.2,200.0,0.0,0.1,200.0,QQ,,70,0,70.0,1.0,0,1.0,RHZB,70,,True
2025-06-15 02:30:06,06-15-2025 02:29:18,154001,MHT7 Hayward Street,PA-II-SD,7.02,42.980053,-71.44131,297,64,0,06-15-2025 02:30:02,17.0,14.4,2.6,17.0,0.9,0.8,12.0,Passed,15.7,62,0,62.0,0.0,0,0.0,RHZB,62,7.4,True
2025-06-15 02:30:06,05-02-2025 12:16:47,194263,Pembroke_CAMP_40,PA-II-FLEX,7.04,43.13209,-71.46017,204,67,67,06-15-2025 02:30:02,11.8,11.9,0.1,1.0,0.0,0.0,0,T,T,,50,50,0,0.0,0.0,Passed,,,True
2025-06-15 02:30:06,06-15-2025 02:29:13,153987,MHT 6 UU Church,PA-II-SD,7.02,42.998104,-71.45816,250,63,0,06-15-2025 02:30:02,15.6,16.6,1.0,6.0,0.3,0.2,40.0,Passed,16.1,61,0,61.0,1.0,0,1.0,RHZB,61,7.71,True
2025-06-15 02:30:06,06-15-2025 02:29:05,251685,Pembroke_CAMP_Test_BM7,PA-II-SD,7.02,43.13258,-71.4596,211,60,0,06-15-2025 02:30:02,26.3,22.8,3.5,14.0,0.4,0.4,0.0,Passed,24.55,66,0,66.0,1.0,0,1.0,RHZB,66,12.52,True
2025-06-15 02:30:06,06-15-2025 02:28:06,153764,Pembroke_CAMP_Test_BM38,PA-II-SD,7.02,43.13242,-71.45837,231,60,0,06-15-2025 02:30:02,29.1,27.7,1.4,5.0,0.1,0.1,0.0,Passed,28.4,69,0,69.0,0.0,0,0.0,RHZB,69,14.65,True
2025-06-15 02:30:06,06-15-2025 02:29:16,1202,KSC 19,PA-II,6.06b,42.936554,-72.27102,488,67,0,06-15-2025 02:30:02,15.1,12.9,2.2,16.0,0.2,0.0,200.0,Passed,14.0,87,0,87.0,0.0,0,0.0,RHZB,87,4.61,True
2025-06-15 02:30:06,06-15-2025 02:28:47,267191,Pembroke_CAMP_Test_BM25,PA-II-SD,7.02,43.132614,-71.459175,220,60,0,06-15-2025 02:30:02,25.7,25.3,0.4,2.0,0.0,0.2,200.0,Passed,25.5,65,0,65.0,0.0,0,0.0,RHZB,65,13.16,True
2025-06-15 02:30:06,06-15-2025 02:29:22,267199,Pembroke_CAMP_Test_BM30,PA-II-SD,7.02,43.13262,-71.4584,229,60,0,06-15-2025 02:30:02,25.4,25.8,0.4,2.0,0.3,0.1,100.0,Passed,25.6,69,0,69.0,0.0,0,0.0,RHZB,69,12.95,True
2025-06-15 02:30:06,06-15-2025 02:28:25,267193,Pembroke_CAMP_Test_BM26,PA-II-SD,7.02,43.13261,-71.45895,230,60,0,06-15-2025 02:30:02,26.9,25.9,1.0,4.0,0.1,0.4,120.0,Passed,26.4,67,0,67.0,0.0,0,0.0,RHZB,67,13.57,True
2025-06-15 02:30:06,06-15-2025 02:28:06,267195,Pembroke_CAMP_Test_BM28,PA-II-SD,7.02,43.132614,-71.45872,231,59,0,06-15-2025 02:30:02,25.5,25.6,0.1,0.0,0.2,0.0,200.0,Passed,25.55,70,0,70.0,0.0,0,0.0,RHZB,70,12.85,True
2025-06-15 02:30:06,06-15-2025 02:28:26,273601,Heavens Plateau,PA-II-ZEN,7.04,43.520084,-71.81902,960,64,64,06-15-2025 02:30:02,19.4,19.6,0.2,1.0,0.3,0.4,29.0,Passed,19.5,54,54,0.0,0.0,0.0,0.0,Passed,54.0,10.27,True
2025-06-15 02:30:06,06-15-2025 02:29:39,12208,KSC 11,PA-II,7.02,42.94131,-72.28043,507,67,0,06-15-2025 02:30:02,15.7,15.8,0.1,1.0,0.2,0.0,200.0,Passed,15.75,55,0,55.0,0.0,0,0.0,RHZB,55,7.92,True
2025-06-15 02:30:06,06-15-2025 02:29:22,153768,Pembroke_CAMP_Test_BM36,PA-II-SD,7.02,43.13242,-71.458534,229,60,0,06-15-2025 02:30:02,26.1,27.2,1.1,4.0,0.1,0.3,100.0,Passed,26.65,65,0,65.0,1.0,0,1.0,RHZB,65,13.87,True
2025-06-15 02:30:06,06-15-2025 02:28:21,115703,"Waterville Valley, NH",PA-II,7.02,43.953625,-71.50886,1493,51,0,06-15-2025 02:30:02,9.4,10.4,1.0,10.0,0.2,0.0,200.0,Passed,9.9,64,0,64.0,0.0,0,0.0,RHZB,64,3.72,True
2025-06-15 02:30:06,06-15-2025 02:28:54,137660,"Richmond Road, Troy",PA-II,7.02,42.819466,-72.20832,1272,61,0,06-15-2025 02:30:02,12.8,9.1,3.7,34.0,0.3,0.1,100.0,Passed,10.95,71,0,71.0,0.0,0,0.0,RHZB,71,3.87,True
2025-06-15 02:30:06,06-15-2025 02:28:51,143456,Junder22,PA-II,7.02,43.08963,-71.50244,619,58,0,06-15-2025 02:30:02,14.5,14.0,0.5,4.0,0.3,0.4,29.0,Passed,14.25,69,0,69.0,0.0,0,0.0,RHZB,69,6.02,True
2025-06-15 02:30:06,06-15-2025 02:28:15,153512,MHT5 Northest Manchester- Cutler Lane,PA-II-SD,7.02,43.01304,-71.41953,495,62,0,06-15-2025 02:30:02,12.8,12.3,0.5,4.0,0.5,0.4,22.0,Passed,12.55,64,0,64.0,1.0,0,1.0,RHZB,64,5.34,True
2025-06-15 02:30:06,06-15-2025 02:28:46,153734,Pembroke_CAMP_Test_BM33,PA-II-SD,7.02,43.132404,-71.458824,231,60,0,06-15-2025 02:30:02,26.4,27.4,1.0,4.0,0.3,0.0,200.0,Passed,26.9,69,0,69.0,0.0,0,0.0,RHZB,69,13.74,True
2025-06-15 02:30:06,06-15-2025 02:29:22,153750,Pembroke_CAMP_Test_BM32,PA-II-SD,7.02,43.132385,-71.458916,230,60,0,06-15-2025 02:30:02,25.6,26.0,0.4,2.0,0.1,0.2,67.0,Passed,25.8,64,0,64.0,0.0,0,0.0,RHZB,64,13.42,True
2025-06-15 02:30:06,06-05-2025 09:55:16,275390,Murphy Dam,PA-II-FLEX,7.02,45.050266,-71.38472,1333,89,89,06-15-2025 02:30:02,32.0,31.0,1.0,3.0,0.0,0.0,0,T,T,,37,37,0,0.0,0.0,Passed,,,True
2025-06-15 02:40:06,06-15-2025 02:37:49,154041,MHT2 Glosser/Parkside School2 Manchester,PA-II-SD,7.02,42.988956,-71.47882,190,63,0,06-15-2025 02:40:02,13.4,13.3,0.1,1.0,0.4,0.6,40.0,Passed,13.35,60,0,60.0,0.0,0,0.0,RHZB,60,6.1,True
2025-06-15 02:40:06,06-15-2025 02:18:58,154045,MHT3 Northwest School Manchester,PA-II-SD,7.02,42.999123,-71.48408,240,62,0,06-15-2025 02:40:02,15.4,14.3,1.1,7.0,0.0,0.0,0,T,T,,60,0,0,0,0.0,Passed,,,True
2025-06-15 02:40:06,06-15-2025 02:35:34,154425,MHT4 North End Manchester,PA-II-SD,7.02,43.023964,-71.46163,383,62,0,06-15-2025 02:40:02,16.4,14.6,1.8,12.0,0.3,0.4,29.0,T,T,,64,0,0.0,0,0.0,Passed,,,True
2025-06-15 02:40:06,06-15-2025 02:39:17,160753,KSC 42,PA-II,7.02,42.957714,-72.3163,521,64,0,06-15-2025 02:40:02,17.7,19.4,1.7,9.0,0.1,0.0,200.0,Passed,18.55,61,0,61.0,0.0,0,0.0,RHZB,61,9.21,True
2025-06-15 02:40:06,06-15-2025 02:39:01,175137,MHT9 Hanover Street,PA-II-FLEX,7.04,42.990227,-71.43767,357,66,66,06-15-2025 02:40:02,15.8,16.0,0.2,1.0,0.1,0.2,67.0,Passed,15.9,60,60,0.0,0.0,0.0,0.0,Passed,60.0,7.66,True
2025-06-15 02:40:06,06-15-2025 02:38:53,187097,Convergent,PA-II-FLEX,7.04,42.758415,-71.65097,605,68,68,06-15-2025 02:40:02,15.0,13.7,1.3,9.0,0.3,0.1,100.0,Passed,14.35,56,56,0.0,0.0,0.0,0.0,Passed,56.0,6.99,True
2025-06-15 02:40:06,06-15-2025 02:39:15,189581,New Hampton,PA-II-FLEX,7.04,43.6174,-71.6282,523,65,65,06-15-2025 02:40:02,18.5,25.3,6.8,31.0,0.3,0.1,100.0,Passed,21.9,48,48,0.0,0.0,0.0,0.0,Passed,48.0,12.16,True
2025-06-15 02:40:06,06-15-2025 02:38:52,200757,Sutton Mills,PA-II-ZEN,7.04,43.33507,-71.95151,750,67,67,06-15-2025 02:40:02,19.5,19.9,0.4,2.0,0.2,0.1,67.0,Passed,19.7,51,51,0.0,0.0,0.0,0.0,Passed,51.0,10.61,True
2025-06-15 02:40:06,06-15-2025 02:39:33,196631,We Share The Air,PA-II-FLEX,7.04,43.18085,-70.866714,140,64,64,06-15-2025 02:40:02,9.8,10.5,0.7,7.0,0.3,0.3,0.0,Passed,10.15,58,58,0.0,0.0,0.0,0.0,Passed,58.0,4.29,True
2025-06-15 02:40:06,06-15-2025 02:38:51,220415,Nashua 1,PA-II-ZEN,7.04,42.75815,-71.4652,151,67,67,06-15-2025 02:40:02,13.6,13.8,0.2,1.0,0.5,0.3,50.0,Passed,13.7,53,53,0.0,1.0,1.0,0.0,Passed,53.0,6.81,True
2025-06-15 02:40:06,06-15-2025 02:39:03,221421,Nashua 2,PA-II-ZEN,7.04,42.7496,-71.51419,198,71,71,06-15-2025 02:40:02,13.8,13.3,0.5,4.0,0.2,0.1,67.0,Passed,13.55,45,45,0.0,3.0,3.0,0.0,Passed,45.0,7.28,True
2025-06-15 02:40:06,06-15-2025 02:39:16,244091,Center Harbor Fire Station,PA-II-FLEX,7.04,43.708385,-71.46329,558,65,65,06-15-2025 02:40:02,21.4,20.0,1.4,7.0,0.2,0.2,0.0,Passed,20.7,57,57,0.0,1.0,1.0,0.0,Passed,57.0,10.8,True
2025-06-15 02:40:06,06-15-2025 02:38:25,251687,Pembroke_CAMP_Test_BM8,PA-II-SD,7.02,43.132607,-71.45935,213,59,0,06-15-2025 02:40:02,0.0,23.8,23.8,200.0,0.0,1.4,200.0,QQ,,70,0,70.0,0.0,0,0.0,RHZB,70,,True
2025-06-15 02:40:06,06-15-2025 02:39:18,154001,MHT7 Hayward Street,PA-II-SD,7.02,42.980053,-71.44131,297,64,0,06-15-2025 02:40:02,16.3,13.3,3.0,20.0,0.7,1.1,44.0,Passed,14.8,62,0,62.0,0.0,0,0.0,RHZB,62,6.85,True
2025-06-15 02:40:06,05-02-2025 12:16:47,194263,Pembroke_CAMP_40,PA-II-FLEX,7.04,43.13209,-71.46017,204,67,67,06-15-2025 02:40:02,11.8,11.9,0.1,1.0,0.0,0.0,0,T,T,,50,50,0,0.0,0.0,Passed,,,True
2025-06-15 02:40:06,06-15-2025 02:37:05,251685,Pembroke_CAMP_Test_BM7,PA-II-SD,7.02,43.13258,-71.4596,211,60,0,06-15-2025 02:40:02,25.0,21.5,3.5,15.0,1.3,1.3,0.0,Passed,23.25,67,0,67.0,1.0,0,1.0,RHZB,67,11.65,True
2025-06-15 02:40:06,06-15-2025 02:39:13,153987,MHT 6 UU Church,PA-II-SD,7.02,42.998104,-71.45816,250,63,0,06-15-2025 02:40:02,15.4,16.4,1.0,6.0,0.2,0.2,0.0,Passed,15.9,61,0,61.0,0.0,0,0.0,RHZB,61,7.59,True
2025-06-15 02:40:06,06-15-2025 02:38:07,153764,Pembroke_CAMP_Test_BM38,PA-II-SD,7.02,43.13242,-71.45837,231,60,0,06-15-2025 02:40:02,27.5,26.2,1.3,5.0,1.6,1.5,6.0,Passed,26.85,70,0,70.0,1.0,0,1.0,RHZB,70,13.64,True
2025-06-15 02:40:06,06-15-2025 02:39:22,153768,Pembroke_CAMP_Test_BM36,PA-II-SD,7.02,43.13242,-71.458534,229,60,0,06-15-2025 02:40:02,24.8,25.3,0.5,2.0,1.3,1.9,37.0,Passed,25.05,66,0,66.0,1.0,0,1.0,RHZB,66,12.82,True
2025-06-15 02:40:06,06-15-2025 02:39:16,1202,KSC 19,PA-II,6.06b,42.936554,-72.27102,488,67,0,06-15-2025 02:40:02,15.2,12.8,2.4,17.0,0.1,0.1,0.0,Passed,14.0,87,0,87.0,0.0,0,0.0,RHZB,87,4.61,True
2025-06-15 02:40:06,06-15-2025 02:38:47,267191,Pembroke_CAMP_Test_BM25,PA-II-SD,7.02,43.132614,-71.459175,220,60,0,06-15-2025 02:40:02,24.0,23.4,0.6,3.0,1.7,1.9,11.0,Passed,23.7,66,0,66.0,1.0,0,1.0,RHZB,66,12.0,True
2025-06-15 02:40:06,06-15-2025 02:39:23,267199,Pembroke_CAMP_Test_BM30,PA-II-SD,7.02,43.13262,-71.4584,229,59,0,06-15-2025 02:40:02,23.6,24.5,0.9,4.0,1.8,1.3,32.0,Passed,24.05,70,0,70.0,1.0,0,1.0,RHZB,70,11.93,True
2025-06-15 02:40:06,06-15-2025 02:38:06,267195,Pembroke_CAMP_Test_BM28,PA-II-SD,7.02,43.132614,-71.45872,231,59,0,06-15-2025 02:40:02,24.2,23.9,0.3,1.0,1.3,1.7,27.0,Passed,24.05,71,0,71.0,1.0,0,1.0,RHZB,71,11.86,True
2025-06-15 02:40:06,06-15-2025 02:38:26,273601,Heavens Plateau,PA-II-ZEN,7.04,43.520084,-71.81902,960,63,63,06-15-2025 02:40:02,19.1,19.6,0.5,3.0,0.3,0.0,200.0,Passed,19.35,54,54,0.0,0.0,0.0,0.0,Passed,54.0,10.18,True
2025-06-15 02:40:06,06-15-2025 02:37:40,12208,KSC 11,PA-II,7.02,42.94131,-72.28043,507,67,0,06-15-2025 02:40:02,15.4,15.7,0.3,2.0,0.3,0.1,100.0,Passed,15.55,55,0,55.0,0.0,0,0.0,RHZB,55,7.8,True
2025-06-15 02:40:06,06-15-2025 02:38:25,267193,Pembroke_CAMP_Test_BM26,PA-II-SD,7.02,43.13261,-71.45895,230,60,0,06-15-2025 02:40:02,25.1,24.1,1.0,4.0,1.8,1.8,0.0,Passed,24.6,67,0,67.0,0.0,0,0.0,RHZB,67,12.48,True
2025-06-15 02:40:06,06-15-2025 02:38:21,115703,"Waterville Valley, NH",PA-II,7.02,43.953625,-71.50886,1493,51,0,06-15-2025 02:40:02,9.3,10.6,1.3,13.0,0.1,0.2,67.0,Passed,9.95,64,0,64.0,0.0,0,0.0,RHZB,64,3.75,True
2025-06-15 02:40:06,06-15-2025 02:38:55,137660,"Richmond Road, Troy",PA-II,7.02,42.819466,-72.20832,1272,61,0,06-15-2025 02:40:02,12.5,9.1,3.4,31.0,0.3,0.0,200.0,Passed,10.8,70,0,70.0,1.0,0,1.0,RHZB,70,3.85,True
2025-06-15 02:40:06,06-15-2025 02:38:51,143456,Junder22,PA-II,7.02,43.08963,-71.50244,619,58,0,06-15-2025 02:40:02,14.4,14.2,0.2,1.0,0.1,0.2,67.0,Passed,14.3,69,0,69.0,0.0,0,0.0,RHZB,69,6.05,True
2025-06-15 02:40:06,06-15-2025 02:38:15,153512,MHT5 Northest Manchester- Cutler Lane,PA-II-SD,7.02,43.01304,-71.41953,495,62,0,06-15-2025 02:40:02,13.2,12.6,0.6,5.0,0.4,0.3,29.0,Passed,12.9,64,0,64.0,0.0,0,0.0,RHZB,64,5.55,True
2025-06-15 02:40:06,06-15-2025 02:38:46,153734,Pembroke_CAMP_Test_BM33,PA-II-SD,7.02,43.132404,-71.458824,231,59,0,06-15-2025 02:40:02,24.3,25.9,1.6,6.0,2.1,1.5,33.0,Passed,25.1,70,0,70.0,1.0,0,1.0,RHZB,70,12.57,True
2025-06-15 02:40:06,06-15-2025 02:39:22,153750,Pembroke_CAMP_Test_BM32,PA-II-SD,7.02,43.132385,-71.458916,230,60,0,06-15-2025 02:40:02,23.5,24.2,0.7,3.0,2.1,1.8,15.0,Passed,23.85,64,0,64.0,0.0,0,0.0,RHZB,64,12.23,True
2025-06-15 02:40:06,06-05-2025 09:55:16,275390,Murphy Dam,PA-II-FLEX,7.02,45.050266,-71.38472,1333,89,89,06-15-2025 02:40:02,32.0,31.0,1.0,3.0,0.0,0.0,0,T,T,,37,37,0,0.0,0.0,Passed,,,True
2025-06-15 02:50:06,06-15-2025 02:48:53,187097,Convergent,PA-II-FLEX,7.04,42.758415,-71.65097,605,67,67,06-15-2025 02:50:02,15.2,14.2,1.0,7.0,0.2,0.5,86.0,Passed,14.7,56,56,0.0,0.0,0.0,0.0,Passed,56.0,7.21,True
2025-06-15 02:50:06,06-15-2025 02:47:50,154041,MHT2 Glosser/Parkside School2 Manchester,PA-II-SD,7.02,42.988956,-71.47882,190,63,0,06-15-2025 02:50:02,13.3,13.3,0.0,0.0,0.1,0.0,200.0,Passed,13.3,61,0,61.0,1.0,0,1.0,RHZB,61,6.0,True
2025-06-15 02:50:06,06-15-2025 02:18:58,154045,MHT3 Northwest School Manchester,PA-II-SD,7.02,42.999123,-71.48408,240,62,0,06-15-2025 02:50:02,15.4,14.3,1.1,7.0,0.0,0.0,0,T,T,,60,0,0,0,0.0,Passed,,,True
2025-06-15 02:50:06,06-15-2025 02:49:35,154425,MHT4 North End Manchester,PA-II-SD,7.02,43.023964,-71.46163,383,62,0,06-15-2025 02:50:02,15.7,14.1,1.6,11.0,0.7,0.5,33.0,Passed,14.9,64,0,64.0,0,0,0.0,RHZB,64,6.77,True
2025-06-15 02:50:06,06-15-2025 02:49:17,160753,KSC 42,PA-II,7.02,42.957714,-72.3163,521,64,0,06-15-2025 02:50:02,17.3,19.4,2.1,11.0,0.4,0.0,200.0,Passed,18.35,61,0,61.0,0.0,0,0.0,RHZB,61,9.08,True
2025-06-15 02:50:06,06-15-2025 02:49:01,175137,MHT9 Hanover Street,PA-II-FLEX,7.04,42.990227,-71.43767,357,66,66,06-15-2025 02:50:02,14.7,14.8,0.1,1.0,1.1,1.2,9.0,Passed,14.75,59,59,0.0,1.0,1.0,0.0,Passed,59.0,7.03,True
2025-06-15 02:50:06,06-15-2025 02:49:15,189581,New Hampton,PA-II-FLEX,7.04,43.6174,-71.6282,523,65,65,06-15-2025 02:50:02,18.4,25.3,6.9,32.0,0.1,0.0,200.0,Passed,21.85,47,47,0.0,1.0,1.0,0.0,Passed,47.0,12.2,True
2025-06-15 02:50:06,06-15-2025 02:49:18,154001,MHT7 Hayward Street,PA-II-SD,7.02,42.980053,-71.44131,297,64,0,06-15-2025 02:50:02,16.0,13.3,2.7,18.0,0.3,0.0,200.0,Passed,14.65,62,0,62.0,0.0,0,0.0,RHZB,62,6.76,True
2025-06-15 02:50:06,06-15-2025 02:49:34,196631,We Share The Air,PA-II-FLEX,7.04,43.18085,-70.866714,140,64,64,06-15-2025 02:50:02,10.4,10.9,0.5,5.0,0.6,0.4,40.0,Passed,10.65,57,57,0.0,1.0,1.0,0.0,Passed,57.0,4.67,True
2025-06-15 02:50:06,06-15-2025 02:48:53,200757,Sutton Mills,PA-II-ZEN,7.04,43.33507,-71.95151,750,67,67,06-15-2025 02:50:02,19.2,19.5,0.3,2.0,0.3,0.4,29.0,Passed,19.35,51,51,0.0,0.0,0.0,0.0,Passed,51.0,10.39,True
2025-06-15 02:50:06,06-15-2025 02:48:51,220415,Nashua 1,PA-II-ZEN,7.04,42.75815,-71.4652,151,67,67,06-15-2025 02:50:02,13.9,13.9,0.0,0.0,0.3,0.1,100.0,Passed,13.9,54,54,0.0,1.0,1.0,0.0,Passed,54.0,6.86,True
2025-06-15 02:50:06,06-15-2025 02:49:03,221421,Nashua 2,PA-II-ZEN,7.04,42.7496,-71.51419,198,72,72,06-15-2025 02:50:02,13.6,12.9,0.7,5.0,0.2,0.4,67.0,Passed,13.25,45,45,0.0,0.0,0.0,0.0,Passed,45.0,7.09,True
2025-06-15 02:50:06,06-15-2025 02:49:16,244091,Center Harbor Fire Station,PA-II-FLEX,7.04,43.708385,-71.46329,558,66,66,06-15-2025 02:50:02,21.6,20.0,1.6,8.0,0.2,0.0,200.0,Passed,20.8,56,56,0.0,1.0,1.0,0.0,Passed,56.0,10.93,True
2025-06-15 02:50:06,06-15-2025 02:48:25,251687,Pembroke_CAMP_Test_BM8,PA-II-SD,7.02,43.132607,-71.45935,213,60,0,06-15-2025 02:50:02,0.0,21.3,21.3,200.0,0.0,2.5,200.0,QQ,,70,0,70.0,0.0,0,0.0,RHZB,70,,True
2025-06-15 02:50:06,05-02-2025 12:16:47,194263,Pembroke_CAMP_40,PA-II-FLEX,7.04,43.13209,-71.46017,204,67,67,06-15-2025 02:50:02,11.8,11.9,0.1,1.0,0.0,0.0,0,T,T,,50,50,0,0.0,0.0,Passed,,,True
2025-06-15 02:50:06,06-15-2025 02:49:13,153987,MHT 6 UU Church,PA-II-SD,7.02,42.998104,-71.45816,250,63,0,06-15-2025 02:50:02,14.7,16.0,1.3,8.0,0.7,0.4,55.0,Passed,15.35,60,0,60.0,1.0,0,1.0,RHZB,60,7.32,True
2025-06-15 02:50:06,06-15-2025 02:49:05,251685,Pembroke_CAMP_Test_BM7,PA-II-SD,7.02,43.13258,-71.4596,211,60,0,06-15-2025 02:50:02,22.1,19.0,3.1,15.0,2.9,2.5,15.0,Passed,20.55,67,0,67.0,0.0,0,0.0,RHZB,67,10.01,True
2025-06-15 02:50:06,06-15-2025 02:48:07,153764,Pembroke_CAMP_Test_BM38,PA-II-SD,7.02,43.13242,-71.45837,231,60,0,06-15-2025 02:50:02,25.7,23.7,2.0,8.0,1.8,2.5,33.0,Passed,24.7,70,0,70.0,0.0,0,0.0,RHZB,70,12.33,True
2025-06-15 02:50:06,06-15-2025 02:49:16,1202,KSC 19,PA-II,6.06b,42.936554,-72.27102,488,67,0,06-15-2025 02:50:02,15.1,13.0,2.1,15.0,0.1,0.2,67.0,Passed,14.05,87,0,87.0,0.0,0,0.0,RHZB,87,4.64,True
2025-06-15 02:50:06,06-15-2025 02:48:47,267191,Pembroke_CAMP_Test_BM25,PA-II-SD,7.02,43.132614,-71.459175,220,60,0,06-15-2025 02:50:02,21.9,21.0,0.9,4.0,2.1,2.4,13.0,Passed,21.45,66,0,66.0,0.0,0,0.0,RHZB,66,10.62,True
2025-06-15 02:50:06,06-15-2025 02:49:22,267199,Pembroke_CAMP_Test_BM30,PA-II-SD,7.02,43.13262,-71.4584,229,60,0,06-15-2025 02:50:02,21.2,22.2,1.0,5.0,2.4,2.3,4.0,Passed,21.7,70,0,70.0,0.0,0,0.0,RHZB,70,10.5,True
2025-06-15 02:50:06,06-15-2025 02:48:25,267193,Pembroke_CAMP_Test_BM26,PA-II-SD,7.02,43.13261,-71.45895,230,60,0,06-15-2025 02:50:02,22.6,21.8,0.8,4.0,2.5,2.3,8.0,Passed,22.2,67,0,67.0,0.0,0,0.0,RHZB,67,11.01,True
2025-06-15 02:50:06,06-15-2025 02:48:06,267195,Pembroke_CAMP_Test_BM28,PA-II-SD,7.02,43.132614,-71.45872,231,59,0,06-15-2025 02:50:02,21.8,21.4,0.4,2.0,2.4,2.5,4.0,Passed,21.6,70,0,70.0,1.0,0,1.0,RHZB,70,10.44,True
2025-06-15 02:50:06,06-15-2025 02:48:26,273601,Heavens Plateau,PA-II-ZEN,7.04,43.520084,-71.81902,960,63,63,06-15-2025 02:50:02,19.4,19.4,0.0,0.0,0.3,0.2,40.0,Passed,19.4,55,55,0.0,1.0,1.0,0.0,Passed,55.0,10.14,True
2025-06-15 02:50:06,06-15-2025 02:47:40,12208,KSC 11,PA-II,7.02,42.94131,-72.28043,507,67,0,06-15-2025 02:50:02,15.6,15.7,0.1,1.0,0.2,0.0,200.0,Passed,15.65,55,0,55.0,0.0,0,0.0,RHZB,55,7.86,True
2025-06-15 02:50:06,06-15-2025 02:49:22,153768,Pembroke_CAMP_Test_BM36,PA-II-SD,7.02,43.13242,-71.458534,229,60,0,06-15-2025 02:50:02,22.2,22.9,0.7,3.0,2.6,2.4,8.0,Passed,22.55,66,0,66.0,0.0,0,0.0,RHZB,66,11.3,True
2025-06-15 02:50:06,06-15-2025 02:48:21,115703,"Waterville Valley, NH",PA-II,7.02,43.953625,-71.50886,1493,51,0,06-15-2025 02:50:02,9.0,10.3,1.3,13.0,0.3,0.3,0.0,Passed,9.65,63,0,63.0,1.0,0,1.0,RHZB,63,3.64,True
2025-06-15 02:50:06,06-15-2025 02:48:55,137660,"Richmond Road, Troy",PA-II,7.02,42.819466,-72.20832,1272,60,0,06-15-2025 02:50:02,12.5,8.9,3.6,34.0,0.0,0.2,200.0,Passed,10.7,71,0,71.0,1.0,0,1.0,RHZB,71,3.72,True
2025-06-15 02:50:06,06-15-2025 02:48:51,143456,Junder22,PA-II,7.02,43.08963,-71.50244,619,58,0,06-15-2025 02:50:02,14.4,14.1,0.3,2.0,0.0,0.1,200.0,Passed,14.25,69,0,69.0,0.0,0,0.0,RHZB,69,6.02,True
2025-06-15 02:50:06,06-15-2025 02:48:15,153512,MHT5 Northest Manchester- Cutler Lane,PA-II-SD,7.02,43.01304,-71.41953,495,62,0,06-15-2025 02:50:02,13.9,13.2,0.7,5.0,0.7,0.6,15.0,Passed,13.55,64,0,64.0,0.0,0,0.0,RHZB,64,5.95,True
2025-06-15 02:50:06,06-15-2025 02:48:46,153734,Pembroke_CAMP_Test_BM33,PA-II-SD,7.02,43.132404,-71.458824,231,59,0,06-15-2025 02:50:02,22.0,23.5,1.5,7.0,2.3,2.4,4.0,Passed,22.75,71,0,71.0,1.0,0,1.0,RHZB,71,11.07,True
2025-06-15 02:50:06,06-15-2025 02:49:22,153750,Pembroke_CAMP_Test_BM32,PA-II-SD,7.02,43.132385,-71.458916,230,60,0,06-15-2025 02:50:02,21.1,21.7,0.6,3.0,2.4,2.5,4.0,Passed,21.4,64,0,64.0,0.0,0,0.0,RHZB,64,10.73,True
2025-06-15 02:50:06,06-05-2025 09:55:16,275390,Murphy Dam,PA-II-FLEX,7.02,45.050266,-71.38472,1333,89,89,06-15-2025 02:50:02,32.0,31.0,1.0,3.0,0.0,0.0,0,T,T,,37,37,0,0.0,0.0,Passed,,,True
2025-06-15 03:00:06,06-15-2025 02:18:58,154045,MHT3 Northwest School Manchester,PA-II-SD,7.02,42.999123,-71.48408,240,62,0,06-15-2025 03:00:02,15.4,14.3,1.1,7.0,0.0,0.0,0,T,T,,60,0,0,0,0.0,Passed,,,True
2025-06-15 03:00:06,06-15-2025 02:59:35,154425,MHT4 North End Manchester,PA-II-SD,7.02,43.023964,-71.46163,383,62,0,06-15-2025 03:00:02,15.7,14.0,1.7,11.0,0.0,0.1,200.0,Passed,14.85,64,0,64.0,0.0,0,0.0,RHZB,64,6.74,True
2025-06-15 03:00:06,06-15-2025 02:59:18,160753,KSC 42,PA-II,7.02,42.957714,-72.3163,521,64,0,06-15-2025 03:00:02,17.3,19.2,1.9,10.0,0.0,0.2,200.0,Passed,18.25,61,0,61.0,0.0,0,0.0,RHZB,61,9.02,True
2025-06-15 03:00:06,06-15-2025 02:59:01,175137,MHT9 Hanover Street,PA-II-FLEX,7.04,42.990227,-71.43767,357,65,65,06-15-2025 03:00:02,14.1,14.4,0.3,2.0,0.6,0.4,40.0,Passed,14.25,60,60,0.0,1.0,1.0,0.0,Passed,60.0,6.65,True
2025-06-15 03:00:06,06-15-2025 02:58:53,187097,Convergent,PA-II-FLEX,7.04,42.758415,-71.65097,605,68,68,06-15-2025 03:00:02,15.4,14.4,1.0,7.0,0.2,0.2,0.0,Passed,14.9,56,56,0.0,0.0,0.0,0.0,Passed,56.0,7.33,True
2025-06-15 03:00:06,06-15-2025 02:59:15,189581,New Hampton,PA-II-FLEX,7.04,43.6174,-71.6282,523,65,65,06-15-2025 03:00:02,18.3,25.2,6.9,32.0,0.1,0.1,0.0,Passed,21.75,48,48,0.0,1.0,1.0,0.0,Passed,48.0,12.07,True
2025-06-15 03:00:06,05-02-2025 12:16:47,194263,Pembroke_CAMP_40,PA-II-FLEX,7.04,43.13209,-71.46017,204,67,67,06-15-2025 03:00:02,11.8,11.9,0.1,1.0,0.0,0.0,0,T,T,,50,50,0,0.0,0.0,Passed,,,True
2025-06-15 03:00:06,06-15-2025 02:58:51,220415,Nashua 1,PA-II-ZEN,7.04,42.75815,-71.4652,151,67,67,06-15-2025 03:00:02,13.9,13.9,0.0,0.0,0.0,0.0,0,Passed,13.9,53,53,0.0,1.0,1.0,0.0,Passed,53.0,6.93,True
2025-06-15 03:00:06,06-15-2025 02:58:52,200757,Sutton Mills,PA-II-ZEN,7.04,43.33507,-71.95151,750,67,67,06-15-2025 03:00:02,19.4,19.8,0.4,2.0,0.2,0.3,40.0,Passed,19.6,52,52,0.0,1.0,1.0,0.0,Passed,52.0,10.48,True
2025-06-15 03:00:06,06-15-2025 02:59:03,221421,Nashua 2,PA-II-ZEN,7.04,42.7496,-71.51419,198,71,71,06-15-2025 03:00:02,13.3,12.9,0.4,3.0,0.3,0.0,200.0,Passed,13.1,46,46,0.0,1.0,1.0,0.0,Passed,46.0,6.93,True
2025-06-15 03:00:06,06-15-2025 02:59:16,244091,Center Harbor Fire Station,PA-II-FLEX,7.04,43.708385,-71.46329,558,66,66,06-15-2025 03:00:02,21.9,20.4,1.5,7.0,0.3,0.4,29.0,Passed,21.15,56,56,0.0,0.0,0.0,0.0,Passed,56.0,11.14,True
2025-06-15 03:00:06,06-15-2025 02:58:25,251687,Pembroke_CAMP_Test_BM8,PA-II-SD,7.02,43.132607,-71.45935,213,60,0,06-15-2025 03:00:02,0.0,19.8,19.8,200.0,0.0,1.5,200.0,QQ,,70,0,70.0,0.0,0,0.0,RHZB,70,,True
2025-06-15 03:00:06,06-15-2025 02:59:05,251685,Pembroke_CAMP_Test_BM7,PA-II-SD,7.02,43.13258,-71.4596,211,60,0,06-15-2025 03:00:02,20.5,17.2,3.3,18.0,1.6,1.8,12.0,Passed,18.85,67,0,67.0,0.0,0,0.0,RHZB,67,8.97,True
2025-06-15 03:00:06,06-15-2025 02:59:49,154041,MHT2 Glosser/Parkside School2 Manchester,PA-II-SD,7.02,42.988956,-71.47882,190,63,0,06-15-2025 03:00:02,13.4,13.5,0.1,1.0,0.1,0.2,67.0,Passed,13.45,61,0,61.0,0.0,0,0.0,RHZB,61,6.09,True
2025-06-15 03:00:06,06-15-2025 02:59:34,196631,We Share The Air,PA-II-FLEX,7.04,43.18085,-70.866714,140,64,64,06-15-2025 03:00:02,10.8,11.5,0.7,6.0,0.4,0.6,40.0,Passed,11.15,58,58,0.0,1.0,1.0,0.0,Passed,58.0,4.9,True
2025-06-15 03:00:06,06-15-2025 02:59:18,154001,MHT7 Hayward Street,PA-II-SD,7.02,42.980053,-71.44131,297,64,0,06-15-2025 03:00:02,15.8,13.0,2.8,19.0,0.2,0.3,40.0,Passed,14.4,63,0,63.0,1.0,0,1.0,RHZB,63,6.53,True
2025-06-15 03:00:06,06-15-2025 02:59:13,153987,MHT 6 UU Church,PA-II-SD,7.02,42.998104,-71.45816,250,63,0,06-15-2025 03:00:02,14.2,15.3,1.1,7.0,0.5,0.7,33.0,Passed,14.75,60,0,60.0,0.0,0,0.0,RHZB,60,6.96,True
2025-06-15 03:00:06,06-15-2025 02:59:22,153768,Pembroke_CAMP_Test_BM36,PA-II-SD,7.02,43.13242,-71.458534,229,60,0,06-15-2025 03:00:02,20.1,21.1,1.0,5.0,2.1,1.8,15.0,Passed,20.6,65,0,65.0,1.0,0,1.0,RHZB,65,10.18,True
2025-06-15 03:00:06,06-15-2025 02:58:47,267191,Pembroke_CAMP_Test_BM25,PA-II-SD,7.02,43.132614,-71.459175,220,60,0,06-15-2025 03:00:02,20.3,19.1,1.2,6.0,1.6,1.9,17.0,Passed,19.7,66,0,66.0,0.0,0,0.0,RHZB,66,9.56,True
2025-06-15 03:00:06,06-15-2025 02:59:22,267199,Pembroke_CAMP_Test_BM30,PA-II-SD,7.02,43.13262,-71.4584,229,60,0,06-15-2025 03:00:02,19.4,20.7,1.3,6.0,1.8,1.5,18.0,Passed,20.05,69,0,69.0,1.0,0,1.0,RHZB,69,9.56,True
2025-06-15 03:00:06,06-15-2025 02:58:25,267193,Pembroke_CAMP_Test_BM26,PA-II-SD,7.02,43.13261,-71.45895,230,60,0,06-15-2025 03:00:02,20.8,19.9,0.9,4.0,1.8,1.9,5.0,Passed,20.35,67,0,67.0,0.0,0,0.0,RHZB,67,9.88,True
2025-06-15 03:00:06,06-15-2025 02:58:06,267195,Pembroke_CAMP_Test_BM28,PA-II-SD,7.02,43.132614,-71.45872,231,59,0,06-15-2025 03:00:02,20.3,19.5,0.8,4.0,1.5,1.9,24.0,Passed,19.9,70,0,70.0,0.0,0,0.0,RHZB,70,9.4,True
2025-06-15 03:00:06,06-15-2025 02:58:27,273601,Heavens Plateau,PA-II-ZEN,7.04,43.520084,-71.81902,960,63,63,06-15-2025 03:00:02,18.9,19.6,0.7,4.0,0.5,0.2,86.0,Passed,19.25,54,54,0.0,1.0,1.0,0.0,Passed,54.0,10.12,True
2025-06-15 03:00:06,06-15-2025 02:59:40,12208,KSC 11,PA-II,7.02,42.94131,-72.28043,507,66,0,06-15-2025 03:00:02,15.5,15.7,0.2,1.0,0.1,0.0,200.0,Passed,15.6,55,0,55.0,0.0,0,0.0,RHZB,55,7.83,True
2025-06-15 03:00:06,06-05-2025 09:55:16,275390,Murphy Dam,PA-II-FLEX,7.02,45.050266,-71.38472,1333,89,89,06-15-2025 03:00:02,32.0,31.0,1.0,3.0,0.0,0.0,0,T,T,,37,37,0,0.0,0.0,Passed,,,True
2025-06-15 03:00:06,06-15-2025 02:59:16,1202,KSC 19,PA-II,6.06b,42.936554,-72.27102,488,67,0,06-15-2025 03:00:02,15.0,13.0,2.0,14.0,0.1,0.0,200.0,Passed,14.0,88,0,88.0,1.0,0,1.0,RHZB,88,4.54,True
2025-06-15 03:00:06,06-15-2025 02:58:55,137660,"Richmond Road, Troy",PA-II,7.02,42.819466,-72.20832,1272,60,0,06-15-2025 03:00:02,12.2,8.8,3.4,32.0,0.3,0.1,100.0,Passed,10.5,72,0,72.0,1.0,0,1.0,RHZB,72,3.52,True
2025-06-15 03:00:06,06-15-2025 02:58:51,143456,Junder22,PA-II,7.02,43.08963,-71.50244,619,58,0,06-15-2025 03:00:02,14.4,14.1,0.3,2.0,0.0,0.0,0,Passed,14.25,70,0,70.0,1.0,0,1.0,RHZB,70,5.95,True
2025-06-15 03:00:06,06-15-2025 02:58:15,153512,MHT5 Northest Manchester- Cutler Lane,PA-II-SD,7.02,43.01304,-71.41953,495,62,0,06-15-2025 03:00:02,14.3,13.1,1.2,9.0,0.4,0.1,120.0,Passed,13.7,65,0,65.0,1.0,0,1.0,RHZB,65,5.97,True
2025-06-15 03:00:06,06-15-2025 02:58:46,153734,Pembroke_CAMP_Test_BM33,PA-II-SD,7.02,43.132404,-71.458824,231,60,0,06-15-2025 03:00:02,20.2,21.3,1.1,5.0,1.8,2.2,20.0,Passed,20.75,69,0,69.0,2.0,0,2.0,RHZB,69,9.99,True
2025-06-15 03:00:06,06-15-2025 02:59:22,153750,Pembroke_CAMP_Test_BM32,PA-II-SD,7.02,43.132385,-71.458916,230,60,0,06-15-2025 03:00:02,19.6,20.1,0.5,3.0,1.5,1.6,6.0,Passed,19.85,64,0,64.0,0.0,0,0.0,RHZB,64,9.79,True
2025-06-15 03:00:06,06-15-2025 02:58:06,153764,Pembroke_CAMP_Test_BM38,PA-II-SD,7.02,43.13242,-71.45837,231,60,0,06-15-2025 03:00:02,23.7,21.8,1.9,8.0,2.0,1.9,5.0,Passed,22.75,69,0,69.0,1.0,0,1.0,RHZB,69,11.21,True
2025-06-15 03:00:06,06-15-2025 02:58:21,115703,"Waterville Valley, NH",PA-II,7.02,43.953625,-71.50886,1493,51,0,06-15-2025 03:00:02,8.8,10.6,1.8,19.0,0.2,0.3,40.0,Passed,9.7,64,0,64.0,1.0,0,1.0,RHZB,64,3.6,True
2025-06-15 03:10:07,06-15-2025 03:09:05,154045,MHT3 Northwest School Manchester,PA-II-SD,7.02,42.999123,-71.48408,240,62,0,06-15-2025 03:10:02,15.6,14.7,0.9,6.0,0.2,0.4,67.0,Passed,15.15,63,0,63.0,0,0,0.0,RHZB,63,6.99,True
2025-06-15 03:10:07,06-15-2025 03:09:35,154425,MHT4 North End Manchester,PA-II-SD,7.02,43.023964,-71.46163,383,62,0,06-15-2025 03:10:02,15.8,14.6,1.2,8.0,0.1,0.6,143.0,Passed,15.2,64,0,64.0,0.0,0,0.0,RHZB,64,6.95,True
2025-06-15 03:10:07,06-15-2025 03:09:18,160753,KSC 42,PA-II,7.02,42.957714,-72.3163,521,64,0,06-15-2025 03:10:02,17.3,18.8,1.5,8.0,0.0,0.4,200.0,Passed,18.05,61,0,61.0,0.0,0,0.0,RHZB,61,8.9,True
2025-06-15 03:10:07,06-15-2025 03:09:01,175137,MHT9 Hanover Street,PA-II-FLEX,7.04,42.990227,-71.43767,357,66,66,06-15-2025 03:10:02,14.3,14.3,0.0,0.0,0.2,0.1,67.0,Passed,14.3,59,59,0.0,1.0,1.0,0.0,Passed,59.0,6.75,True
2025-06-15 03:10:07,06-15-2025 03:08:53,187097,Convergent,PA-II-FLEX,7.04,42.758415,-71.65097,605,67,67,06-15-2025 03:10:02,15.5,14.3,1.2,8.0,0.1,0.1,0.0,Passed,14.9,57,57,0.0,1.0,1.0,0.0,Passed,57.0,7.26,True
2025-06-15 03:10:07,06-15-2025 03:09:14,189581,New Hampton,PA-II-FLEX,7.04,43.6174,-71.6282,523,65,65,06-15-2025 03:10:02,18.2,24.9,6.7,31.0,0.1,0.3,100.0,Passed,21.55,48,48,0.0,0.0,0.0,0.0,Passed,48.0,11.95,True
2025-06-15 03:10:07,05-02-2025 12:16:47,194263,Pembroke_CAMP_40,PA-II-FLEX,7.04,43.13209,-71.46017,204,67,67,06-15-2025 03:10:02,11.8,11.9,0.1,1.0,0.0,0.0,0,T,T,,50,50,0,0.0,0.0,Passed,,,True
2025-06-15 03:10:07,06-15-2025 03:08:51,220415,Nashua 1,PA-II-ZEN,7.04,42.75815,-71.4652,151,67,67,06-15-2025 03:10:02,14.0,14.1,0.1,1.0,0.1,0.2,67.0,Passed,14.05,53,53,0.0,0.0,0.0,0.0,Passed,53.0,7.02,True
2025-06-15 03:10:07,06-15-2025 03:08:53,200757,Sutton Mills,PA-II-ZEN,7.04,43.33507,-71.95151,750,67,67,06-15-2025 03:10:02,19.3,19.7,0.4,2.0,0.1,0.1,0.0,Passed,19.5,51,51,0.0,1.0,1.0,0.0,Passed,51.0,10.48,True
2025-06-15 03:10:07,06-15-2025 03:09:03,221421,Nashua 2,PA-II-ZEN,7.04,42.7496,-71.51419,198,72,72,06-15-2025 03:10:02,13.3,12.9,0.4,3.0,0.0,0.0,0,Passed,13.1,45,45,0.0,1.0,1.0,0.0,Passed,45.0,7.0,True
2025-06-15 03:10:07,06-15-2025 03:09:17,244091,Center Harbor Fire Station,PA-II-FLEX,7.04,43.708385,-71.46329,558,66,66,06-15-2025 03:10:02,22.0,20.7,1.3,6.0,0.1,0.3,100.0,Passed,21.35,56,56,0.0,0.0,0.0,0.0,Passed,56.0,11.26,True
2025-06-15 03:10:07,06-15-2025 03:08:25,251687,Pembroke_CAMP_Test_BM8,PA-II-SD,7.02,43.132607,-71.45935,213,60,0,06-15-2025 03:10:02,0.0,19.0,19.0,200.0,0.0,0.8,200.0,QQ,,69,0,69.0,1.0,0,1.0,RHZB,69,,True
2025-06-15 03:10:07,06-15-2025 03:09:05,251685,Pembroke_CAMP_Test_BM7,PA-II-SD,7.02,43.13258,-71.4596,211,61,0,06-15-2025 03:10:02,19.5,15.9,3.6,20.0,1.0,1.3,26.0,Passed,17.7,67,0,67.0,0.0,0,0.0,RHZB,67,8.27,True
2025-06-15 03:10:07,06-15-2025 03:07:49,154041,MHT2 Glosser/Parkside School2 Manchester,PA-II-SD,7.02,42.988956,-71.47882,190,63,0,06-15-2025 03:10:02,13.2,13.2,0.0,0.0,0.2,0.3,40.0,Passed,13.2,62,0,62.0,1.0,0,1.0,RHZB,62,5.87,True
2025-06-15 03:10:07,06-15-2025 03:09:34,196631,We Share The Air,PA-II-FLEX,7.04,43.18085,-70.866714,140,64,64,06-15-2025 03:10:02,11.1,11.8,0.7,6.0,0.3,0.3,0.0,Passed,11.45,59,59,0.0,1.0,1.0,0.0,Passed,59.0,5.01,True
2025-06-15 03:10:07,06-15-2025 03:09:18,154001,MHT7 Hayward Street,PA-II-SD,7.02,42.980053,-71.44131,297,64,0,06-15-2025 03:10:02,16.1,12.9,3.2,22.0,0.3,0.1,100.0,Passed,14.5,62,0,62.0,1.0,0,1.0,RHZB,62,6.67,True
2025-06-15 03:10:07,06-15-2025 03:09:13,153987,MHT 6 UU Church,PA-II-SD,7.02,42.998104,-71.45816,250,63,0,06-15-2025 03:10:02,14.1,14.7,0.6,4.0,0.1,0.6,143.0,Passed,14.4,60,0,60.0,0.0,0,0.0,RHZB,60,6.74,True
2025-06-15 03:10:07,06-15-2025 03:09:22,153768,Pembroke_CAMP_Test_BM36,PA-II-SD,7.02,43.13242,-71.458534,229,60,0,06-15-2025 03:10:02,19.1,19.8,0.7,4.0,1.0,1.3,26.0,Passed,19.45,66,0,66.0,1.0,0,1.0,RHZB,66,9.4,True
2025-06-15 03:10:07,06-15-2025 03:08:47,267191,Pembroke_CAMP_Test_BM25,PA-II-SD,7.02,43.132614,-71.459175,220,60,0,06-15-2025 03:10:02,19.0,18.1,0.9,5.0,1.3,1.0,26.0,Passed,18.55,65,0,65.0,1.0,0,1.0,RHZB,65,8.93,True
2025-06-15 03:10:07,06-15-2025 03:09:22,267199,Pembroke_CAMP_Test_BM30,PA-II-SD,7.02,43.13262,-71.4584,229,60,0,06-15-2025 03:10:02,18.4,19.8,1.4,7.0,1.0,0.9,11.0,Passed,19.1,69,0,69.0,0.0,0,0.0,RHZB,69,8.98,True
2025-06-15 03:10:07,06-15-2025 03:08:25,267193,Pembroke_CAMP_Test_BM26,PA-II-SD,7.02,43.13261,-71.45895,230,60,0,06-15-2025 03:10:02,19.9,18.9,1.0,5.0,0.9,1.0,11.0,Passed,19.4,67,0,67.0,0.0,0,0.0,RHZB,67,9.3,True
2025-06-15 03:10:07,06-15-2025 03:08:06,267195,Pembroke_CAMP_Test_BM28,PA-II-SD,7.02,43.132614,-71.45872,231,59,0,06-15-2025 03:10:02,19.1,18.5,0.6,3.0,1.2,1.0,18.0,Passed,18.8,70,0,70.0,0.0,0,0.0,RHZB,70,8.73,True
2025-06-15 03:10:07,06-15-2025 03:08:27,273601,Heavens Plateau,PA-II-ZEN,7.04,43.520084,-71.81902,960,62,62,06-15-2025 03:10:02,18.6,19.5,0.9,5.0,0.3,0.1,100.0,Passed,19.05,55,55,0.0,1.0,1.0,0.0,Passed,55.0,9.93,True
2025-06-15 03:10:07,06-15-2025 03:07:40,12208,KSC 11,PA-II,7.02,42.94131,-72.28043,507,67,0,06-15-2025 03:10:02,15.4,15.4,0.0,0.0,0.1,0.3,100.0,Passed,15.4,55,0,55.0,0.0,0,0.0,RHZB,55,7.7,True
2025-06-15 03:10:07,06-05-2025 09:55:16,275390,Murphy Dam,PA-II-FLEX,7.02,45.050266,-71.38472,1333,89,89,06-15-2025 03:10:02,32.0,31.0,1.0,3.0,0.0,0.0,0,T,T,,37,37,0,0.0,0.0,Passed,,,True
2025-06-15 03:10:07,06-15-2025 03:09:16,1202,KSC 19,PA-II,6.06b,42.936554,-72.27102,488,67,0,06-15-2025 03:10:02,14.9,13.1,1.8,13.0,0.1,0.1,0.0,Passed,14.0,88,0,88.0,0.0,0,0.0,RHZB,88,4.54,True
2025-06-15 03:10:07,06-15-2025 03:08:55,137660,"Richmond Road, Troy",PA-II,7.02,42.819466,-72.20832,1272,61,0,06-15-2025 03:10:02,12.3,8.8,3.5,33.0,0.1,0.0,200.0,Passed,10.55,71,0,71.0,1.0,0,1.0,RHZB,71,3.63,True
2025-06-15 03:10:07,06-15-2025 03:08:51,143456,Junder22,PA-II,7.02,43.08963,-71.50244,619,58,0,06-15-2025 03:10:02,14.3,14.2,0.1,1.0,0.1,0.1,0.0,Passed,14.25,69,0,69.0,1.0,0,1.0,RHZB,69,6.02,True
2025-06-15 03:10:07,06-15-2025 03:08:15,153512,MHT5 Northest Manchester- Cutler Lane,PA-II-SD,7.02,43.01304,-71.41953,495,62,0,06-15-2025 03:10:02,14.5,13.1,1.4,10.0,0.2,0.0,200.0,Passed,13.8,65,0,65.0,0.0,0,0.0,RHZB,65,6.03,True
2025-06-15 03:10:07,06-15-2025 03:08:46,153734,Pembroke_CAMP_Test_BM33,PA-II-SD,7.02,43.132404,-71.458824,231,60,0,06-15-2025 03:10:02,19.2,20.4,1.2,6.0,1.0,0.9,11.0,Passed,19.8,70,0,70.0,1.0,0,1.0,RHZB,70,9.34,True
2025-06-15 03:10:07,06-15-2025 03:09:22,153750,Pembroke_CAMP_Test_BM32,PA-II-SD,7.02,43.132385,-71.458916,230,60,0,06-15-2025 03:10:02,18.9,18.9,0.0,0.0,0.7,1.2,53.0,Passed,18.9,64,0,64.0,0.0,0,0.0,RHZB,64,9.21,True
2025-06-15 03:10:07,06-15-2025 03:08:06,153764,Pembroke_CAMP_Test_BM38,PA-II-SD,7.02,43.13242,-71.45837,231,60,0,06-15-2025 03:10:02,22.1,21.1,1.0,5.0,1.6,0.7,78.0,Passed,21.6,69,0,69.0,0.0,0,0.0,RHZB,69,10.51,True
2025-06-15 03:10:07,06-15-2025 03:08:21,115703,"Waterville Valley, NH",PA-II,7.02,43.953625,-71.50886,1493,50,0,06-15-2025 03:10:02,9.0,10.5,1.5,15.0,0.2,0.1,67.0,Passed,9.75,64,0,64.0,0.0,0,0.0,RHZB,64,3.63,True
2025-06-15 03:20:07,06-15-2025 03:19:08,154045,MHT3 Northwest School Manchester,PA-II-SD,7.02,42.999123,-71.48408,240,61,0,06-15-2025 03:20:02,16.1,15.3,0.8,5.0,0.5,0.6,18.0,Passed,15.7,62,0,62.0,1.0,0,1.0,RHZB,62,7.4,True
2025-06-15 03:20:07,06-15-2025 03:19:35,154425,MHT4 North End Manchester,PA-II-SD,7.02,43.023964,-71.46163,383,62,0,06-15-2025 03:20:02,16.4,15.1,1.3,8.0,0.6,0.5,18.0,Passed,15.75,64,0,64.0,0.0,0,0.0,RHZB,64,7.29,True
2025-06-15 03:20:07,06-15-2025 03:19:18,160753,KSC 42,PA-II,7.02,42.957714,-72.3163,521,63,0,06-15-2025 03:20:02,17.0,18.8,1.8,10.0,0.3,0.0,200.0,Passed,17.9,62,0,62.0,1.0,0,1.0,RHZB,62,8.74,True
2025-06-15 03:20:07,06-15-2025 03:19:01,175137,MHT9 Hanover Street,PA-II-FLEX,7.04,42.990227,-71.43767,357,64,64,06-15-2025 03:20:02,14.4,14.4,0.0,0.0,0.1,0.1,0.0,Passed,14.4,60,60,0.0,1.0,1.0,0.0,Passed,60.0,6.74,True
2025-06-15 03:20:07,06-15-2025 03:18:53,187097,Convergent,PA-II-FLEX,7.04,42.758415,-71.65097,605,67,67,06-15-2025 03:20:02,15.2,14.0,1.2,8.0,0.3,0.3,0.0,Passed,14.6,57,57,0.0,0.0,0.0,0.0,Passed,57.0,7.08,True
2025-06-15 03:20:07,06-15-2025 03:19:14,189581,New Hampton,PA-II-FLEX,7.04,43.6174,-71.6282,523,65,65,06-15-2025 03:20:02,18.2,25.0,6.8,31.0,0.0,0.1,200.0,Passed,21.6,48,48,0.0,0.0,0.0,0.0,Passed,48.0,11.98,True
2025-06-15 03:20:07,05-02-2025 12:16:47,194263,Pembroke_CAMP_40,PA-II-FLEX,7.04,43.13209,-71.46017,204,67,67,06-15-2025 03:20:02,11.8,11.9,0.1,1.0,0.0,0.0,0,T,T,,50,50,0,0.0,0.0,Passed,,,True
2025-06-15 03:20:07,06-15-2025 03:18:51,220415,Nashua 1,PA-II-ZEN,7.04,42.75815,-71.4652,151,67,67,06-15-2025 03:20:02,13.9,14.0,0.1,1.0,0.1,0.1,0.0,Passed,13.95,53,53,0.0,0.0,0.0,0.0,Passed,53.0,6.96,True
2025-06-15 03:20:07,06-15-2025 03:18:53,200757,Sutton Mills,PA-II-ZEN,7.04,43.33507,-71.95151,750,67,67,06-15-2025 03:20:02,19.5,20.0,0.5,3.0,0.2,0.3,40.0,Passed,19.75,52,52,0.0,1.0,1.0,0.0,Passed,52.0,10.57,True
2025-06-15 03:20:07,06-15-2025 03:19:03,221421,Nashua 2,PA-II-ZEN,7.04,42.7496,-71.51419,198,69,69,06-15-2025 03:20:02,13.8,13.1,0.7,5.0,0.5,0.2,86.0,Passed,13.45,49,49,0.0,4.0,4.0,0.0,Passed,49.0,6.93,True
2025-06-15 03:20:07,06-15-2025 03:19:17,244091,Center Harbor Fire Station,PA-II-FLEX,7.04,43.708385,-71.46329,558,66,66,06-15-2025 03:20:02,21.7,20.6,1.1,5.0,0.3,0.1,100.0,Passed,21.15,55,55,0.0,1.0,1.0,0.0,Passed,55.0,11.21,True
2025-06-15 03:20:07,06-15-2025 03:18:26,251687,Pembroke_CAMP_Test_BM8,PA-II-SD,7.02,43.132607,-71.45935,213,60,0,06-15-2025 03:20:02,0.0,18.2,18.2,200.0,0.0,0.8,200.0,QQ,,71,0,71.0,2.0,0,2.0,RHZB,71,,True
2025-06-15 03:20:07,06-15-2025 03:19:05,251685,Pembroke_CAMP_Test_BM7,PA-II-SD,7.02,43.13258,-71.4596,211,60,0,06-15-2025 03:20:02,18.8,15.6,3.2,19.0,0.7,0.3,80.0,Passed,17.2,67,0,67.0,0.0,0,0.0,RHZB,67,7.96,True
2025-06-15 03:20:07,06-15-2025 03:19:49,154041,MHT2 Glosser/Parkside School2 Manchester,PA-II-SD,7.02,42.988956,-71.47882,190,62,0,06-15-2025 03:20:02,12.9,12.8,0.1,1.0,0.3,0.4,29.0,Passed,12.85,62,0,62.0,0.0,0,0.0,RHZB,62,5.66,True
2025-06-15 03:20:07,06-15-2025 03:19:34,196631,We Share The Air,PA-II-FLEX,7.04,43.18085,-70.866714,140,64,64,06-15-2025 03:20:02,11.4,11.9,0.5,4.0,0.3,0.1,100.0,Passed,11.65,58,58,0.0,1.0,1.0,0.0,Passed,58.0,5.21,True
2025-06-15 03:20:07,06-15-2025 03:19:18,154001,MHT7 Hayward Street,PA-II-SD,7.02,42.980053,-71.44131,297,64,0,06-15-2025 03:20:02,16.1,13.1,3.0,21.0,0.0,0.2,200.0,Passed,14.6,63,0,63.0,1.0,0,1.0,RHZB,63,6.66,True
2025-06-15 03:20:07,06-15-2025 03:19:14,153987,MHT 6 UU Church,PA-II-SD,7.02,42.998104,-71.45816,250,63,0,06-15-2025 03:20:02,14.7,14.9,0.2,1.0,0.6,0.2,100.0,Passed,14.8,61,0,61.0,1.0,0,1.0,RHZB,61,6.92,True
2025-06-15 03:20:07,06-15-2025 03:19:22,153768,Pembroke_CAMP_Test_BM36,PA-II-SD,7.02,43.13242,-71.458534,229,60,0,06-15-2025 03:20:02,18.4,19.3,0.9,5.0,0.7,0.5,33.0,Passed,18.85,66,0,66.0,0.0,0,0.0,RHZB,66,9.04,True
2025-06-15 03:20:07,06-15-2025 03:18:47,267191,Pembroke_CAMP_Test_BM25,PA-II-SD,7.02,43.132614,-71.459175,220,60,0,06-15-2025 03:20:02,18.7,17.4,1.3,7.0,0.3,0.7,80.0,Passed,18.05,66,0,66.0,1.0,0,1.0,RHZB,66,8.55,True
2025-06-15 03:20:07,06-15-2025 03:19:23,267199,Pembroke_CAMP_Test_BM30,PA-II-SD,7.02,43.13262,-71.4584,229,60,0,06-15-2025 03:20:02,18.2,18.8,0.6,3.0,0.2,1.0,133.0,Passed,18.5,70,0,70.0,1.0,0,1.0,RHZB,70,8.54,True
2025-06-15 03:20:07,06-15-2025 03:18:25,267193,Pembroke_CAMP_Test_BM26,PA-II-SD,7.02,43.13261,-71.45895,230,60,0,06-15-2025 03:20:02,19.2,18.7,0.5,3.0,0.7,0.2,111.0,Passed,18.95,67,0,67.0,0.0,0,0.0,RHZB,67,9.03,True
2025-06-15 03:20:07,06-15-2025 03:18:07,267195,Pembroke_CAMP_Test_BM28,PA-II-SD,7.02,43.132614,-71.45872,231,59,0,06-15-2025 03:20:02,18.4,18.0,0.4,2.0,0.7,0.5,33.0,Passed,18.2,71,0,71.0,1.0,0,1.0,RHZB,71,8.29,True
2025-06-15 03:20:07,06-15-2025 03:18:26,273601,Heavens Plateau,PA-II-ZEN,7.04,43.520084,-71.81902,960,62,62,06-15-2025 03:20:02,18.5,19.4,0.9,5.0,0.1,0.1,0.0,Passed,18.95,55,55,0.0,0.0,0.0,0.0,Passed,55.0,9.87,True
2025-06-15 03:20:07,06-15-2025 03:19:40,12208,KSC 11,PA-II,7.02,42.94131,-72.28043,507,67,0,06-15-2025 03:20:02,15.7,15.4,0.3,2.0,0.3,0.0,200.0,Passed,15.55,55,0,55.0,0.0,0,0.0,RHZB,55,7.8,True
2025-06-15 03:20:07,06-05-2025 09:55:16,275390,Murphy Dam,PA-II-FLEX,7.02,45.050266,-71.38472,1333,89,89,06-15-2025 03:20:02,32.0,31.0,1.0,3.0,0.0,0.0,0,T,T,,37,37,0,0.0,0.0,Passed,,,True
2025-06-15 03:20:07,06-15-2025 03:19:16,1202,KSC 19,PA-II,6.06b,42.936554,-72.27102,488,67,0,06-15-2025 03:20:02,14.8,13.0,1.8,13.0,0.1,0.1,0.0,Passed,13.9,87,0,87.0,1.0,0,1.0,RHZB,87,4.55,True
2025-06-15 03:20:07,06-15-2025 03:18:55,137660,"Richmond Road, Troy",PA-II,7.02,42.819466,-72.20832,1272,61,0,06-15-2025 03:20:02,12.1,8.6,3.5,34.0,0.2,0.2,0.0,Passed,10.35,71,0,71.0,0.0,0,0.0,RHZB,71,3.5,True
2025-06-15 03:20:07,06-15-2025 03:18:51,143456,Junder22,PA-II,7.02,43.08963,-71.50244,619,59,0,06-15-2025 03:20:02,14.2,13.7,0.5,4.0,0.1,0.5,133.0,Passed,13.95,69,0,69.0,0.0,0,0.0,RHZB,69,5.84,True
2025-06-15 03:20:07,06-15-2025 03:18:15,153512,MHT5 Northest Manchester- Cutler Lane,PA-II-SD,7.02,43.01304,-71.41953,495,62,0,06-15-2025 03:20:02,14.2,13.0,1.2,9.0,0.3,0.1,100.0,Passed,13.6,65,0,65.0,0.0,0,0.0,RHZB,65,5.91,True
2025-06-15 03:20:07,06-15-2025 03:18:46,153734,Pembroke_CAMP_Test_BM33,PA-II-SD,7.02,43.132404,-71.458824,231,59,0,06-15-2025 03:20:02,18.5,20.0,1.5,8.0,0.7,0.4,55.0,Passed,19.25,71,0,71.0,1.0,0,1.0,RHZB,71,8.93,True
2025-06-15 03:20:07,06-15-2025 03:19:22,153750,Pembroke_CAMP_Test_BM32,PA-II-SD,7.02,43.132385,-71.458916,230,60,0,06-15-2025 03:20:02,18.5,18.1,0.4,2.0,0.4,0.8,67.0,Passed,18.3,65,0,65.0,1.0,0,1.0,RHZB,65,8.77,True
2025-06-15 03:20:07,06-15-2025 03:18:06,153764,Pembroke_CAMP_Test_BM38,PA-II-SD,7.02,43.13242,-71.45837,231,60,0,06-15-2025 03:20:02,21.3,20.0,1.3,6.0,0.8,1.1,32.0,Passed,20.65,70,0,70.0,1.0,0,1.0,RHZB,70,9.86,True
2025-06-15 03:20:07,06-15-2025 03:18:22,115703,"Waterville Valley, NH",PA-II,7.02,43.953625,-71.50886,1493,50,0,06-15-2025 03:20:02,9.1,10.7,1.6,16.0,0.1,0.2,67.0,Passed,9.9,65,0,65.0,1.0,0,1.0,RHZB,65,3.65,True
2025-06-15 03:30:07,06-15-2025 03:27:49,154041,MHT2 Glosser/Parkside School2 Manchester,PA-II-SD,7.02,42.988956,-71.47882,190,61,0,06-15-2025 03:30:02,13.4,13.0,0.4,3.0,0.5,0.2,86.0,Passed,13.2,63,0,63.0,1.0,0,1.0,RHZB,63,5.8,True
2025-06-15 03:30:07,06-15-2025 03:29:08,154045,MHT3 Northwest School Manchester,PA-II-SD,7.02,42.999123,-71.48408,240,62,0,06-15-2025 03:30:02,16.2,15.1,1.1,7.0,0.1,0.2,67.0,Passed,15.65,62,0,62.0,0.0,0,0.0,RHZB,62,7.37,True
2025-06-15 03:30:07,06-15-2025 03:29:35,154425,MHT4 North End Manchester,PA-II-SD,7.02,43.023964,-71.46163,383,62,0,06-15-2025 03:30:02,16.5,15.5,1.0,6.0,0.1,0.4,120.0,Passed,16.0,64,0,64.0,0.0,0,0.0,RHZB,64,7.44,True
2025-06-15 03:30:07,06-15-2025 03:29:19,160753,KSC 42,PA-II,7.02,42.957714,-72.3163,521,63,0,06-15-2025 03:30:02,16.6,18.5,1.9,11.0,0.4,0.3,29.0,Passed,17.55,62,0,62.0,0.0,0,0.0,RHZB,62,8.53,True
2025-06-15 03:30:07,06-15-2025 03:29:02,175137,MHT9 Hanover Street,PA-II-FLEX,7.04,42.990227,-71.43767,357,66,66,06-15-2025 03:30:02,14.3,14.5,0.2,1.0,0.1,0.1,0.0,Passed,14.4,59,59,0.0,1.0,1.0,0.0,Passed,59.0,6.81,True
2025-06-15 03:30:07,06-15-2025 03:28:53,187097,Convergent,PA-II-FLEX,7.04,42.758415,-71.65097,605,68,68,06-15-2025 03:30:02,14.8,13.8,1.0,7.0,0.4,0.2,67.0,Passed,14.3,56,56,0.0,1.0,1.0,0.0,Passed,56.0,6.96,True
2025-06-15 03:30:07,06-15-2025 03:29:15,189581,New Hampton,PA-II-FLEX,7.04,43.6174,-71.6282,523,65,65,06-15-2025 03:30:02,18.4,25.1,6.7,31.0,0.2,0.1,67.0,Passed,21.75,48,48,0.0,0.0,0.0,0.0,Passed,48.0,12.07,True
2025-06-15 03:30:07,06-15-2025 03:28:53,200757,Sutton Mills,PA-II-ZEN,7.04,43.33507,-71.95151,750,67,67,06-15-2025 03:30:02,19.3,20.0,0.7,4.0,0.2,0.0,200.0,Passed,19.65,51,51,0.0,1.0,1.0,0.0,Passed,51.0,10.58,True
2025-06-15 03:30:07,06-15-2025 03:29:34,196631,We Share The Air,PA-II-FLEX,7.04,43.18085,-70.866714,140,64,64,06-15-2025 03:30:02,11.9,12.3,0.4,3.0,0.5,0.4,22.0,Passed,12.1,58,58,0.0,0.0,0.0,0.0,Passed,58.0,5.48,True
2025-06-15 03:30:07,06-15-2025 03:28:51,220415,Nashua 1,PA-II-ZEN,7.04,42.75815,-71.4652,151,66,66,06-15-2025 03:30:02,13.1,13.5,0.4,3.0,0.8,0.5,46.0,Passed,13.3,54,54,0.0,1.0,1.0,0.0,Passed,54.0,6.49,True
2025-06-15 03:30:07,06-15-2025 03:29:03,221421,Nashua 2,PA-II-ZEN,7.04,42.7496,-71.51419,198,70,70,06-15-2025 03:30:02,13.6,13.3,0.3,2.0,0.2,0.2,0.0,Passed,13.45,47,47,0.0,2.0,2.0,0.0,Passed,47.0,7.07,True
2025-06-15 03:30:07,06-15-2025 03:29:17,244091,Center Harbor Fire Station,PA-II-FLEX,7.04,43.708385,-71.46329,558,65,65,06-15-2025 03:30:02,21.4,20.2,1.2,6.0,0.3,0.4,29.0,Passed,20.8,56,56,0.0,1.0,1.0,0.0,Passed,56.0,10.93,True
2025-06-15 03:30:07,06-15-2025 03:28:26,251687,Pembroke_CAMP_Test_BM8,PA-II-SD,7.02,43.132607,-71.45935,213,60,0,06-15-2025 03:30:02,0.0,18.6,18.6,200.0,0.0,0.4,200.0,QQ,,71,0,71.0,0.0,0,0.0,RHZB,71,,True
2025-06-15 03:30:07,06-15-2025 03:29:18,154001,MHT7 Hayward Street,PA-II-SD,7.02,42.980053,-71.44131,297,64,0,06-15-2025 03:30:02,16.1,13.4,2.7,18.0,0.0,0.3,200.0,Passed,14.75,62,0,62.0,1.0,0,1.0,RHZB,62,6.82,True
2025-06-15 03:30:07,05-02-2025 12:16:47,194263,Pembroke_CAMP_40,PA-II-FLEX,7.04,43.13209,-71.46017,204,67,67,06-15-2025 03:30:02,11.8,11.9,0.1,1.0,0.0,0.0,0,T,T,,50,50,0,0.0,0.0,Passed,,,True
2025-06-15 03:30:07,06-15-2025 03:29:14,153987,MHT 6 UU Church,PA-II-SD,7.02,42.998104,-71.45816,250,63,0,06-15-2025 03:30:02,14.9,15.0,0.1,1.0,0.2,0.1,67.0,Passed,14.95,61,0,61.0,0.0,0,0.0,RHZB,61,7.01,True
2025-06-15 03:30:07,06-15-2025 03:29:05,251685,Pembroke_CAMP_Test_BM7,PA-II-SD,7.02,43.13258,-71.4596,211,61,0,06-15-2025 03:30:02,19.2,15.8,3.4,19.0,0.4,0.2,67.0,Passed,17.5,68,0,68.0,1.0,0,1.0,RHZB,68,8.07,True
2025-06-15 03:30:07,06-15-2025 03:28:07,153764,Pembroke_CAMP_Test_BM38,PA-II-SD,7.02,43.13242,-71.45837,231,60,0,06-15-2025 03:30:02,21.3,20.0,1.3,6.0,0.0,0.0,0,Passed,20.65,70,0,70.0,0.0,0,0.0,RHZB,70,9.86,True
2025-06-15 03:30:07,06-15-2025 03:29:16,1202,KSC 19,PA-II,6.06b,42.936554,-72.27102,488,67,0,06-15-2025 03:30:02,15.1,13.1,2.0,14.0,0.3,0.1,100.0,Passed,14.1,87,0,87.0,0.0,0,0.0,RHZB,87,4.67,True
2025-06-15 03:30:07,06-15-2025 03:28:48,267191,Pembroke_CAMP_Test_BM25,PA-II-SD,7.02,43.132614,-71.459175,220,60,0,06-15-2025 03:30:02,18.9,18.0,0.9,5.0,0.2,0.6,100.0,Passed,18.45,67,0,67.0,1.0,0,1.0,RHZB,67,8.72,True
2025-06-15 03:30:07,06-15-2025 03:29:23,267199,Pembroke_CAMP_Test_BM30,PA-II-SD,7.02,43.13262,-71.4584,229,60,0,06-15-2025 03:30:02,18.7,19.3,0.6,3.0,0.5,0.5,0.0,Passed,19.0,70,0,70.0,0.0,0,0.0,RHZB,70,8.85,True
2025-06-15 03:30:07,06-15-2025 03:28:25,267193,Pembroke_CAMP_Test_BM26,PA-II-SD,7.02,43.13261,-71.45895,230,60,0,06-15-2025 03:30:02,19.5,18.4,1.1,6.0,0.3,0.3,0.0,Passed,18.95,68,0,68.0,1.0,0,1.0,RHZB,68,8.96,True
2025-06-15 03:30:07,06-15-2025 03:28:07,267195,Pembroke_CAMP_Test_BM28,PA-II-SD,7.02,43.132614,-71.45872,231,59,0,06-15-2025 03:30:02,18.7,18.0,0.7,4.0,0.3,0.0,200.0,Passed,18.35,71,0,71.0,0.0,0,0.0,RHZB,71,8.38,True
2025-06-15 03:30:07,06-15-2025 03:28:27,273601,Heavens Plateau,PA-II-ZEN,7.04,43.520084,-71.81902,960,61,61,06-15-2025 03:30:02,18.6,19.3,0.7,4.0,0.1,0.1,0.0,Passed,18.95,55,55,0.0,0.0,0.0,0.0,Passed,55.0,9.87,True
2025-06-15 03:30:07,06-15-2025 03:27:40,12208,KSC 11,PA-II,7.02,42.94131,-72.28043,507,66,0,06-15-2025 03:30:02,15.9,15.3,0.6,4.0,0.2,0.1,67.0,Passed,15.6,55,0,55.0,0.0,0,0.0,RHZB,55,7.83,True
2025-06-15 03:30:07,06-15-2025 03:29:22,153768,Pembroke_CAMP_Test_BM36,PA-II-SD,7.02,43.13242,-71.458534,229,60,0,06-15-2025 03:30:02,18.6,19.8,1.2,6.0,0.2,0.5,86.0,Passed,19.2,66,0,66.0,0.0,0,0.0,RHZB,66,9.25,True
2025-06-15 03:30:07,06-15-2025 03:28:22,115703,"Waterville Valley, NH",PA-II,7.02,43.953625,-71.50886,1493,51,0,06-15-2025 03:30:02,9.1,10.6,1.5,15.0,0.0,0.1,200.0,Passed,9.85,65,0,65.0,0.0,0,0.0,RHZB,65,3.62,True
2025-06-15 03:30:07,06-15-2025 03:28:55,137660,"Richmond Road, Troy",PA-II,7.02,42.819466,-72.20832,1272,61,0,06-15-2025 03:30:02,11.6,9.0,2.6,25.0,0.5,0.4,22.0,Passed,10.3,71,0,71.0,0.0,0,0.0,RHZB,71,3.47,True
2025-06-15 03:30:07,06-15-2025 03:28:51,143456,Junder22,PA-II,7.02,43.08963,-71.50244,619,59,0,06-15-2025 03:30:02,14.1,13.7,0.4,3.0,0.1,0.0,200.0,Passed,13.9,69,0,69.0,0.0,0,0.0,RHZB,69,5.81,True
2025-06-15 03:30:07,06-15-2025 03:28:15,153512,MHT5 Northest Manchester- Cutler Lane,PA-II-SD,7.02,43.01304,-71.41953,495,62,0,06-15-2025 03:30:02,13.6,12.7,0.9,7.0,0.6,0.3,67.0,Passed,13.15,65,0,65.0,0.0,0,0.0,RHZB,65,5.63,True
2025-06-15 03:30:07,06-15-2025 03:28:47,153734,Pembroke_CAMP_Test_BM33,PA-II-SD,7.02,43.132404,-71.458824,231,60,0,06-15-2025 03:30:02,18.8,20.4,1.6,8.0,0.3,0.4,29.0,Passed,19.6,71,0,71.0,0.0,0,0.0,RHZB,71,9.15,True
2025-06-15 03:30:07,06-15-2025 03:29:22,153750,Pembroke_CAMP_Test_BM32,PA-II-SD,7.02,43.132385,-71.458916,230,61,0,06-15-2025 03:30:02,18.6,18.7,0.1,1.0,0.1,0.6,143.0,Passed,18.65,65,0,65.0,0.0,0,0.0,RHZB,65,8.99,True
2025-06-15 03:30:07,06-05-2025 09:55:16,275390,Murphy Dam,PA-II-FLEX,7.02,45.050266,-71.38472,1333,89,89,06-15-2025 03:30:02,32.0,31.0,1.0,3.0,0.0,0.0,0,T,T,,37,37,0,0.0,0.0,Passed,,,True
2025-06-15 03:40:06,06-15-2025 03:39:05,154045,MHT3 Northwest School Manchester,PA-II-SD,7.02,42.999123,-71.48408,240,62,0,06-15-2025 03:40:02,16.1,15.6,0.5,3.0,0.1,0.5,133.0,Passed,15.85,62,0,62.0,0.0,0,0.0,RHZB,62,7.49,True
2025-06-15 03:40:06,06-15-2025 03:39:35,154425,MHT4 North End Manchester,PA-II-SD,7.02,43.023964,-71.46163,383,62,0,06-15-2025 03:40:02,16.5,15.2,1.3,8.0,0.0,0.3,200.0,Passed,15.85,64,0,64.0,0.0,0,0.0,RHZB,64,7.35,True
2025-06-15 03:40:06,06-15-2025 03:39:18,160753,KSC 42,PA-II,7.02,42.957714,-72.3163,521,64,0,06-15-2025 03:40:02,16.7,18.4,1.7,10.0,0.1,0.1,0.0,Passed,17.55,62,0,62.0,0.0,0,0.0,RHZB,62,8.53,True
2025-06-15 03:40:06,06-15-2025 03:39:02,175137,MHT9 Hanover Street,PA-II-FLEX,7.04,42.990227,-71.43767,357,65,65,06-15-2025 03:40:02,14.1,14.0,0.1,1.0,0.2,0.5,86.0,Passed,14.05,59,59,0.0,0.0,0.0,0.0,Passed,59.0,6.6,True
2025-06-15 03:40:06,06-15-2025 03:38:53,187097,Convergent,PA-II-FLEX,7.04,42.758415,-71.65097,605,67,67,06-15-2025 03:40:02,14.9,13.7,1.2,8.0,0.1,0.1,0.0,Passed,14.3,57,57,0.0,1.0,1.0,0.0,Passed,57.0,6.89,True
2025-06-15 03:40:06,06-15-2025 03:39:15,189581,New Hampton,PA-II-FLEX,7.04,43.6174,-71.6282,523,64,64,06-15-2025 03:40:02,18.2,25.0,6.8,31.0,0.2,0.1,67.0,Passed,21.6,49,49,0.0,1.0,1.0,0.0,Passed,49.0,11.91,True
2025-06-15 03:40:06,05-02-2025 12:16:47,194263,Pembroke_CAMP_40,PA-II-FLEX,7.04,43.13209,-71.46017,204,67,67,06-15-2025 03:40:02,11.8,11.9,0.1,1.0,0.0,0.0,0,T,T,,50,50,0,0.0,0.0,Passed,,,True
2025-06-15 03:40:06,06-15-2025 03:38:51,220415,Nashua 1,PA-II-ZEN,7.04,42.75815,-71.4652,151,66,66,06-15-2025 03:40:02,12.8,13.2,0.4,3.0,0.3,0.3,0.0,Passed,13.0,54,54,0.0,0.0,0.0,0.0,Passed,54.0,6.31,True
2025-06-15 03:40:06,06-15-2025 03:38:53,200757,Sutton Mills,PA-II-ZEN,7.04,43.33507,-71.95151,750,67,67,06-15-2025 03:40:02,19.7,20.5,0.8,4.0,0.4,0.5,22.0,Passed,20.1,52,52,0.0,1.0,1.0,0.0,Passed,52.0,10.78,True
2025-06-15 03:40:06,06-15-2025 03:39:03,221421,Nashua 2,PA-II-ZEN,7.04,42.7496,-71.51419,198,71,71,06-15-2025 03:40:02,13.7,13.0,0.7,5.0,0.1,0.3,100.0,Passed,13.35,46,46,0.0,1.0,1.0,0.0,Passed,46.0,7.08,True
2025-06-15 03:40:06,06-15-2025 03:39:17,244091,Center Harbor Fire Station,PA-II-FLEX,7.04,43.708385,-71.46329,558,64,64,06-15-2025 03:40:02,21.5,20.2,1.3,6.0,0.1,0.0,200.0,Passed,20.85,57,57,0.0,1.0,1.0,0.0,Passed,57.0,10.89,True
2025-06-15 03:40:06,06-15-2025 03:38:26,251687,Pembroke_CAMP_Test_BM8,PA-II-SD,7.02,43.132607,-71.45935,213,60,0,06-15-2025 03:40:02,0.0,19.4,19.4,200.0,0.0,0.8,200.0,QQ,,70,0,70.0,1.0,0,1.0,RHZB,70,,True
2025-06-15 03:40:06,06-15-2025 03:39:05,251685,Pembroke_CAMP_Test_BM7,PA-II-SD,7.02,43.13258,-71.4596,211,61,0,06-15-2025 03:40:02,20.0,16.4,3.6,20.0,0.8,0.6,29.0,Passed,18.2,67,0,67.0,1.0,0,1.0,RHZB,67,8.57,True
2025-06-15 03:40:06,06-15-2025 03:39:50,154041,MHT2 Glosser/Parkside School2 Manchester,PA-II-SD,7.02,42.988956,-71.47882,190,62,0,06-15-2025 03:40:02,13.5,13.5,0.0,0.0,0.1,0.5,133.0,Passed,13.5,63,0,63.0,0.0,0,0.0,RHZB,63,5.98,True
2025-06-15 03:40:06,06-15-2025 03:39:34,196631,We Share The Air,PA-II-FLEX,7.04,43.18085,-70.866714,140,64,64,06-15-2025 03:40:02,12.1,12.5,0.4,3.0,0.2,0.2,0.0,Passed,12.3,58,58,0.0,0.0,0.0,0.0,Passed,58.0,5.6,True
2025-06-15 03:40:06,06-15-2025 03:39:18,154001,MHT7 Hayward Street,PA-II-SD,7.02,42.980053,-71.44131,297,64,0,06-15-2025 03:40:02,16.1,13.0,3.1,21.0,0.0,0.4,200.0,Passed,14.55,62,0,62.0,0.0,0,0.0,RHZB,62,6.7,True
2025-06-15 03:40:06,06-15-2025 03:39:14,153987,MHT 6 UU Church,PA-II-SD,7.02,42.998104,-71.45816,250,63,0,06-15-2025 03:40:02,14.6,15.0,0.4,3.0,0.3,0.0,200.0,Passed,14.8,61,0,61.0,0.0,0,0.0,RHZB,61,6.92,True
2025-06-15 03:40:06,06-15-2025 03:39:23,153768,Pembroke_CAMP_Test_BM36,PA-II-SD,7.02,43.13242,-71.458534,229,60,0,06-15-2025 03:40:02,19.5,20.4,0.9,5.0,0.9,0.6,40.0,Passed,19.95,66,0,66.0,0.0,0,0.0,RHZB,66,9.71,True
2025-06-15 03:40:06,06-15-2025 03:38:48,267191,Pembroke_CAMP_Test_BM25,PA-II-SD,7.02,43.132614,-71.459175,220,60,0,06-15-2025 03:40:02,19.4,18.4,1.0,5.0,0.5,0.4,22.0,Passed,18.9,66,0,66.0,1.0,0,1.0,RHZB,66,9.07,True
2025-06-15 03:40:06,06-15-2025 03:39:23,267199,Pembroke_CAMP_Test_BM30,PA-II-SD,7.02,43.13262,-71.4584,229,60,0,06-15-2025 03:40:02,18.9,19.8,0.9,5.0,0.2,0.5,86.0,Passed,19.35,70,0,70.0,0.0,0,0.0,RHZB,70,9.06,True
2025-06-15 03:40:06,06-15-2025 03:38:25,267193,Pembroke_CAMP_Test_BM26,PA-II-SD,7.02,43.13261,-71.45895,230,60,0,06-15-2025 03:40:02,20.1,18.6,1.5,8.0,0.6,0.2,100.0,Passed,19.35,68,0,68.0,0.0,0,0.0,RHZB,68,9.2,True
2025-06-15 03:40:06,06-15-2025 03:38:07,267195,Pembroke_CAMP_Test_BM28,PA-II-SD,7.02,43.132614,-71.45872,231,58,0,06-15-2025 03:40:02,19.3,18.4,0.9,5.0,0.6,0.4,40.0,Passed,18.85,71,0,71.0,0.0,0,0.0,RHZB,71,8.69,True
2025-06-15 03:40:06,06-15-2025 03:38:28,273601,Heavens Plateau,PA-II-ZEN,7.04,43.520084,-71.81902,960,61,61,06-15-2025 03:40:02,18.8,19.3,0.5,3.0,0.2,0.0,200.0,Passed,19.05,55,55,0.0,0.0,0.0,0.0,Passed,55.0,9.93,True
2025-06-15 03:40:06,06-15-2025 03:39:40,12208,KSC 11,PA-II,7.02,42.94131,-72.28043,507,67,0,06-15-2025 03:40:02,15.8,15.4,0.4,3.0,0.1,0.1,0.0,Passed,15.6,55,0,55.0,0.0,0,0.0,RHZB,55,7.83,True
2025-06-15 03:40:06,06-05-2025 09:55:16,275390,Murphy Dam,PA-II-FLEX,7.02,45.050266,-71.38472,1333,89,89,06-15-2025 03:40:02,32.0,31.0,1.0,3.0,0.0,0.0,0,T,T,,37,37,0,0.0,0.0,Passed,,,True
2025-06-15 03:40:06,06-15-2025 03:39:16,1202,KSC 19,PA-II,6.06b,42.936554,-72.27102,488,67,0,06-15-2025 03:40:02,15.0,12.8,2.2,16.0,0.1,0.3,100.0,Passed,13.9,88,0,88.0,1.0,0,1.0,RHZB,88,4.48,True
2025-06-15 03:40:06,06-15-2025 03:38:55,137660,"Richmond Road, Troy",PA-II,7.02,42.819466,-72.20832,1272,61,0,06-15-2025 03:40:02,11.3,8.8,2.5,25.0,0.3,0.2,40.0,Passed,10.05,71,0,71.0,0.0,0,0.0,RHZB,71,3.32,True
2025-06-15 03:40:06,06-15-2025 03:38:51,143456,Junder22,PA-II,7.02,43.08963,-71.50244,619,58,0,06-15-2025 03:40:02,14.1,13.5,0.6,4.0,0.0,0.2,200.0,Passed,13.8,69,0,69.0,0.0,0,0.0,RHZB,69,5.75,True
2025-06-15 03:40:06,06-15-2025 03:38:15,153512,MHT5 Northest Manchester- Cutler Lane,PA-II-SD,7.02,43.01304,-71.41953,495,61,0,06-15-2025 03:40:02,13.3,12.6,0.7,5.0,0.3,0.1,100.0,Passed,12.95,65,0,65.0,0.0,0,0.0,RHZB,65,5.51,True
2025-06-15 03:40:06,06-15-2025 03:38:47,153734,Pembroke_CAMP_Test_BM33,PA-II-SD,7.02,43.132404,-71.458824,231,60,0,06-15-2025 03:40:02,19.6,20.6,1.0,5.0,0.8,0.2,120.0,Passed,20.1,71,0,71.0,0.0,0,0.0,RHZB,71,9.45,True
2025-06-15 03:40:06,06-15-2025 03:39:23,153750,Pembroke_CAMP_Test_BM32,PA-II-SD,7.02,43.132385,-71.458916,230,60,0,06-15-2025 03:40:02,19.3,19.0,0.3,2.0,0.7,0.3,80.0,Passed,19.15,65,0,65.0,0.0,0,0.0,RHZB,65,9.29,True
2025-06-15 03:40:06,06-15-2025 03:38:07,153764,Pembroke_CAMP_Test_BM38,PA-II-SD,7.02,43.13242,-71.45837,231,60,0,06-15-2025 03:40:02,22.3,20.7,1.6,7.0,1.0,0.7,35.0,Passed,21.5,70,0,70.0,0.0,0,0.0,RHZB,70,10.38,True
2025-06-15 03:40:06,06-15-2025 03:38:22,115703,"Waterville Valley, NH",PA-II,7.02,43.953625,-71.50886,1493,49,0,06-15-2025 03:40:02,9.1,10.7,1.6,16.0,0.0,0.1,200.0,Passed,9.9,65,0,65.0,0.0,0,0.0,RHZB,65,3.65,True
2025-06-15 03:50:06,06-15-2025 03:49:50,154041,MHT2 Glosser/Parkside School2 Manchester,PA-II-SD,7.02,42.988956,-71.47882,190,61,0,06-15-2025 03:50:02,13.2,13.1,0.1,1.0,0.3,0.4,29.0,Passed,13.15,64,0,64.0,1.0,0,1.0,RHZB,64,5.7,True
2025-06-15 03:50:06,06-15-2025 03:49:05,154045,MHT3 Northwest School Manchester,PA-II-SD,7.02,42.999123,-71.48408,240,61,0,06-15-2025 03:50:02,16.6,15.7,0.9,6.0,0.5,0.1,133.0,Passed,16.15,63,0,63.0,1.0,0,1.0,RHZB,63,7.6,True
2025-06-15 03:50:06,06-15-2025 03:49:35,154425,MHT4 North End Manchester,PA-II-SD,7.02,43.023964,-71.46163,383,62,0,06-15-2025 03:50:02,16.1,15.2,0.9,6.0,0.4,0.0,200.0,Passed,15.65,65,0,65.0,1.0,0,1.0,RHZB,65,7.16,True
2025-06-15 03:50:06,06-15-2025 03:49:18,160753,KSC 42,PA-II,7.02,42.957714,-72.3163,521,64,0,06-15-2025 03:50:02,17.0,18.8,1.8,10.0,0.3,0.4,29.0,Passed,17.9,62,0,62.0,0.0,0,0.0,RHZB,62,8.74,True
2025-06-15 03:50:06,06-15-2025 03:49:02,175137,MHT9 Hanover Street,PA-II-FLEX,7.04,42.990227,-71.43767,357,66,66,06-15-2025 03:50:02,13.2,13.4,0.2,2.0,0.9,0.6,40.0,Passed,13.3,58,58,0.0,1.0,1.0,0.0,Passed,58.0,6.21,True
2025-06-15 03:50:06,06-15-2025 03:48:53,187097,Convergent,PA-II-FLEX,7.04,42.758415,-71.65097,605,68,68,06-15-2025 03:50:02,15.0,14.0,1.0,7.0,0.1,0.3,100.0,Passed,14.5,57,57,0.0,0.0,0.0,0.0,Passed,57.0,7.02,True
2025-06-15 03:50:06,06-15-2025 03:49:15,189581,New Hampton,PA-II-FLEX,7.04,43.6174,-71.6282,523,64,64,06-15-2025 03:50:02,18.0,25.0,7.0,33.0,0.2,0.0,200.0,Passed,21.5,49,49,0.0,0.0,0.0,0.0,Passed,49.0,11.85,True
2025-06-15 03:50:06,06-15-2025 03:48:53,200757,Sutton Mills,PA-II-ZEN,7.04,43.33507,-71.95151,750,67,67,06-15-2025 03:50:02,20.3,21.3,1.0,5.0,0.6,0.8,29.0,Passed,20.8,52,52,0.0,0.0,0.0,0.0,Passed,52.0,11.21,True
2025-06-15 03:50:06,06-15-2025 03:49:34,196631,We Share The Air,PA-II-FLEX,7.04,43.18085,-70.866714,140,64,64,06-15-2025 03:50:02,12.6,13.0,0.4,3.0,0.5,0.5,0.0,Passed,12.8,58,58,0.0,0.0,0.0,0.0,Passed,58.0,5.91,True
2025-06-15 03:50:06,06-15-2025 03:48:51,220415,Nashua 1,PA-II-ZEN,7.04,42.75815,-71.4652,151,66,66,06-15-2025 03:50:02,12.7,13.1,0.4,3.0,0.1,0.1,0.0,Passed,12.9,55,55,0.0,1.0,1.0,0.0,Passed,55.0,6.18,True
2025-06-15 03:50:06,06-15-2025 03:49:03,221421,Nashua 2,PA-II-ZEN,7.04,42.7496,-71.51419,198,70,70,06-15-2025 03:50:02,13.4,13.0,0.4,3.0,0.3,0.0,200.0,Passed,13.2,48,48,0.0,2.0,2.0,0.0,Passed,48.0,6.85,True
2025-06-15 03:50:06,06-15-2025 03:49:17,244091,Center Harbor Fire Station,PA-II-FLEX,7.04,43.708385,-71.46329,558,65,65,06-15-2025 03:50:02,22.0,20.5,1.5,7.0,0.5,0.3,50.0,Passed,21.25,55,55,0.0,2.0,2.0,0.0,Passed,55.0,11.27,True
2025-06-15 03:50:06,06-15-2025 03:48:26,251687,Pembroke_CAMP_Test_BM8,PA-II-SD,7.02,43.132607,-71.45935,213,59,0,06-15-2025 03:50:02,0.0,19.6,19.6,200.0,0.0,0.2,200.0,QQ,,70,0,70.0,0.0,0,0.0,RHZB,70,,True
2025-06-15 03:50:06,06-15-2025 03:49:18,154001,MHT7 Hayward Street,PA-II-SD,7.02,42.980053,-71.44131,297,64,0,06-15-2025 03:50:02,16.3,12.8,3.5,24.0,0.2,0.2,0.0,Passed,14.55,62,0,62.0,0.0,0,0.0,RHZB,62,6.7,True
2025-06-15 03:50:06,05-02-2025 12:16:47,194263,Pembroke_CAMP_40,PA-II-FLEX,7.04,43.13209,-71.46017,204,67,67,06-15-2025 03:50:02,11.8,11.9,0.1,1.0,0.0,0.0,0,T,T,,50,50,0,0.0,0.0,Passed,,,True
2025-06-15 03:50:06,06-15-2025 03:49:14,153987,MHT 6 UU Church,PA-II-SD,7.02,42.998104,-71.45816,250,63,0,06-15-2025 03:50:02,14.3,14.5,0.2,1.0,0.3,0.5,50.0,Passed,14.4,61,0,61.0,0.0,0,0.0,RHZB,61,6.67,True
2025-06-15 03:50:06,06-15-2025 03:49:05,251685,Pembroke_CAMP_Test_BM7,PA-II-SD,7.02,43.13258,-71.4596,211,60,0,06-15-2025 03:50:02,20.6,16.9,3.7,20.0,0.6,0.5,18.0,Passed,18.75,67,0,67.0,0.0,0,0.0,RHZB,67,8.91,True
2025-06-15 03:50:06,06-15-2025 03:48:07,153764,Pembroke_CAMP_Test_BM38,PA-II-SD,7.02,43.13242,-71.45837,231,60,0,06-15-2025 03:50:02,22.9,20.9,2.0,9.0,0.6,0.2,100.0,Passed,21.9,70,0,70.0,0.0,0,0.0,RHZB,70,10.62,True
2025-06-15 03:50:06,06-15-2025 03:49:17,1202,KSC 19,PA-II,6.06b,42.936554,-72.27102,488,66,0,06-15-2025 03:50:02,14.8,12.9,1.9,14.0,0.2,0.1,67.0,Passed,13.85,87,0,87.0,1.0,0,1.0,RHZB,87,4.52,True
2025-06-15 03:50:06,06-15-2025 03:48:48,267191,Pembroke_CAMP_Test_BM25,PA-II-SD,7.02,43.132614,-71.459175,220,60,0,06-15-2025 03:50:02,19.9,19.1,0.8,4.0,0.5,0.7,33.0,Passed,19.5,66,0,66.0,0.0,0,0.0,RHZB,66,9.43,True
2025-06-15 03:50:06,06-15-2025 03:49:23,267199,Pembroke_CAMP_Test_BM30,PA-II-SD,7.02,43.13262,-71.4584,229,59,0,06-15-2025 03:50:02,19.3,20.4,1.1,6.0,0.4,0.6,40.0,Passed,19.85,70,0,70.0,0.0,0,0.0,RHZB,70,9.37,True
2025-06-15 03:50:06,06-15-2025 03:48:25,267193,Pembroke_CAMP_Test_BM26,PA-II-SD,7.02,43.13261,-71.45895,230,60,0,06-15-2025 03:50:02,20.6,19.0,1.6,8.0,0.5,0.4,22.0,Passed,19.8,68,0,68.0,0.0,0,0.0,RHZB,68,9.48,True
2025-06-15 03:50:06,06-15-2025 03:48:07,267195,Pembroke_CAMP_Test_BM28,PA-II-SD,7.02,43.132614,-71.45872,231,59,0,06-15-2025 03:50:02,19.5,18.9,0.6,3.0,0.2,0.5,86.0,Passed,19.2,71,0,71.0,0.0,0,0.0,RHZB,71,8.9,True
2025-06-15 03:50:06,06-15-2025 03:44:27,273601,Heavens Plateau,PA-II-ZEN,7.04,43.520084,-71.81902,960,61,61,06-15-2025 03:50:02,19.1,19.2,0.1,1.0,0.3,0.1,100.0,T,T,,55,55,0.0,0.0,0.0,Passed,,,True
2025-06-15 03:50:06,06-15-2025 03:49:40,12208,KSC 11,PA-II,7.02,42.94131,-72.28043,507,67,0,06-15-2025 03:50:02,15.5,15.3,0.2,1.0,0.3,0.1,100.0,Passed,15.4,55,0,55.0,0.0,0,0.0,RHZB,55,7.7,True
2025-06-15 03:50:06,06-15-2025 03:49:23,153768,Pembroke_CAMP_Test_BM36,PA-II-SD,7.02,43.13242,-71.458534,229,60,0,06-15-2025 03:50:02,19.9,20.8,0.9,4.0,0.4,0.4,0.0,Passed,20.35,66,0,66.0,0.0,0,0.0,RHZB,66,9.95,True
2025-06-15 03:50:06,06-15-2025 03:48:22,115703,"Waterville Valley, NH",PA-II,7.02,43.953625,-71.50886,1493,51,0,06-15-2025 03:50:02,9.0,11.0,2.0,20.0,0.1,0.3,100.0,Passed,10.0,65,0,65.0,0.0,0,0.0,RHZB,65,3.71,True
2025-06-15 03:50:06,06-15-2025 03:48:55,137660,"Richmond Road, Troy",PA-II,7.02,42.819466,-72.20832,1272,60,0,06-15-2025 03:50:02,11.6,8.7,2.9,29.0,0.3,0.1,100.0,Passed,10.15,72,0,72.0,1.0,0,1.0,RHZB,72,3.31,True
2025-06-15 03:50:06,06-15-2025 03:46:51,143456,Junder22,PA-II,7.02,43.08963,-71.50244,619,58,0,06-15-2025 03:50:02,14.2,13.3,0.9,7.0,0.1,0.2,67.0,Passed,13.75,69,0,69.0,0.0,0,0.0,RHZB,69,5.72,True
2025-06-15 03:50:06,06-15-2025 03:48:15,153512,MHT5 Northest Manchester- Cutler Lane,PA-II-SD,7.02,43.01304,-71.41953,495,62,0,06-15-2025 03:50:02,12.5,12.1,0.4,3.0,0.8,0.5,46.0,Passed,12.3,65,0,65.0,0.0,0,0.0,RHZB,65,5.11,True
2025-06-15 03:50:06,06-15-2025 03:48:47,153734,Pembroke_CAMP_Test_BM33,PA-II-SD,7.02,43.132404,-71.458824,231,60,0,06-15-2025 03:50:02,19.9,21.3,1.4,7.0,0.3,0.7,80.0,Passed,20.6,70,0,70.0,1.0,0,1.0,RHZB,70,9.83,True
2025-06-15 03:50:06,06-15-2025 03:49:23,153750,Pembroke_CAMP_Test_BM32,PA-II-SD,7.02,43.132385,-71.458916,230,60,0,06-15-2025 03:50:02,19.5,19.6,0.1,1.0,0.2,0.6,100.0,Passed,19.55,64,0,64.0,1.0,0,1.0,RHZB,64,9.61,True
2025-06-15 03:50:06,06-05-2025 09:55:16,275390,Murphy Dam,PA-II-FLEX,7.02,45.050266,-71.38472,1333,89,89,06-15-2025 03:50:02,32.0,31.0,1.0,3.0,0.0,0.0,0,T,T,,37,37,0,0.0,0.0,Passed,,,True
2025-06-15 04:00:07,06-15-2025 03:57:50,154041,MHT2 Glosser/Parkside School2 Manchester,PA-II-SD,7.02,42.988956,-71.47882,190,61,0,06-15-2025 04:00:02,13.1,12.9,0.2,2.0,0.1,0.2,67.0,Passed,13.0,63,0,63.0,1.0,0,1.0,RHZB,63,5.68,True
2025-06-15 04:00:07,06-15-2025 03:59:05,154045,MHT3 Northwest School Manchester,PA-II-SD,7.02,42.999123,-71.48408,240,62,0,06-15-2025 04:00:02,16.4,15.9,0.5,3.0,0.2,0.2,0.0,Passed,16.15,63,0,63.0,0.0,0,0.0,RHZB,63,7.6,True
2025-06-15 04:00:07,06-15-2025 03:59:35,154425,MHT4 North End Manchester,PA-II-SD,7.02,43.023964,-71.46163,383,62,0,06-15-2025 04:00:02,15.6,15.0,0.6,4.0,0.5,0.2,86.0,Passed,15.3,65,0,65.0,0.0,0,0.0,RHZB,65,6.94,True
2025-06-15 04:00:07,06-15-2025 03:59:18,160753,KSC 42,PA-II,7.02,42.957714,-72.3163,521,63,0,06-15-2025 04:00:02,17.2,18.8,1.6,9.0,0.2,0.0,200.0,Passed,18.0,62,0,62.0,0.0,0,0.0,RHZB,62,8.8,True
2025-06-15 04:00:07,06-15-2025 03:59:02,175137,MHT9 Hanover Street,PA-II-FLEX,7.04,42.990227,-71.43767,357,65,65,06-15-2025 04:00:02,12.4,12.8,0.4,3.0,0.8,0.6,29.0,Passed,12.6,59,59,0.0,1.0,1.0,0.0,Passed,59.0,5.72,True
2025-06-15 04:00:07,06-15-2025 03:58:53,187097,Convergent,PA-II-FLEX,7.04,42.758415,-71.65097,605,67,67,06-15-2025 04:00:02,15.1,13.9,1.2,8.0,0.1,0.1,0.0,Passed,14.5,56,56,0.0,1.0,1.0,0.0,Passed,56.0,7.09,True
2025-06-15 04:00:07,06-15-2025 03:59:15,189581,New Hampton,PA-II-FLEX,7.04,43.6174,-71.6282,523,64,64,06-15-2025 04:00:02,18.1,25.1,7.0,32.0,0.1,0.1,0.0,Passed,21.6,49,49,0.0,0.0,0.0,0.0,Passed,49.0,11.91,True
2025-06-15 04:00:07,06-15-2025 03:58:53,200757,Sutton Mills,PA-II-ZEN,7.04,43.33507,-71.95151,750,67,67,06-15-2025 04:00:02,20.6,21.2,0.6,3.0,0.3,0.1,100.0,Passed,20.9,51,51,0.0,1.0,1.0,0.0,Passed,51.0,11.34,True
2025-06-15 04:00:07,06-15-2025 03:59:34,196631,We Share The Air,PA-II-FLEX,7.04,43.18085,-70.866714,140,64,64,06-15-2025 04:00:02,12.7,13.2,0.5,4.0,0.1,0.2,67.0,Passed,12.95,58,58,0.0,0.0,0.0,0.0,Passed,58.0,6.0,True
2025-06-15 04:00:07,06-15-2025 03:58:51,220415,Nashua 1,PA-II-ZEN,7.04,42.75815,-71.4652,151,66,66,06-15-2025 04:00:02,12.8,13.3,0.5,4.0,0.1,0.2,67.0,Passed,13.05,56,56,0.0,1.0,1.0,0.0,Passed,56.0,6.2,True
2025-06-15 04:00:07,06-15-2025 03:59:03,221421,Nashua 2,PA-II-ZEN,7.04,42.7496,-71.51419,198,71,71,06-15-2025 04:00:02,13.3,12.7,0.6,5.0,0.1,0.3,100.0,Passed,13.0,46,46,0.0,2.0,2.0,0.0,Passed,46.0,6.87,True
2025-06-15 04:00:07,06-15-2025 03:59:17,244091,Center Harbor Fire Station,PA-II-FLEX,7.04,43.708385,-71.46329,558,65,65,06-15-2025 04:00:02,21.8,20.1,1.7,8.0,0.2,0.4,67.0,Passed,20.95,55,55,0.0,0.0,0.0,0.0,Passed,55.0,11.09,True
2025-06-15 04:00:07,06-15-2025 03:58:26,251687,Pembroke_CAMP_Test_BM8,PA-II-SD,7.02,43.132607,-71.45935,213,59,0,06-15-2025 04:00:02,0.0,18.9,18.9,200.0,0.0,0.7,200.0,QQ,,73,0,73.0,3.0,0,3.0,RHZB,73,,True
2025-06-15 04:00:07,06-15-2025 03:59:18,154001,MHT7 Hayward Street,PA-II-SD,7.02,42.980053,-71.44131,297,64,0,06-15-2025 04:00:02,15.7,12.5,3.2,23.0,0.6,0.3,67.0,Passed,14.1,62,0,62.0,0.0,0,0.0,RHZB,62,6.42,True
2025-06-15 04:00:07,05-02-2025 12:16:47,194263,Pembroke_CAMP_40,PA-II-FLEX,7.04,43.13209,-71.46017,204,67,67,06-15-2025 04:00:02,11.8,11.9,0.1,1.0,0.0,0.0,0,T,T,,50,50,0,0.0,0.0,Passed,,,True
2025-06-15 04:00:07,06-15-2025 03:59:14,153987,MHT 6 UU Church,PA-II-SD,7.02,42.998104,-71.45816,250,63,0,06-15-2025 04:00:02,14.0,14.2,0.2,1.0,0.3,0.3,0.0,Passed,14.1,61,0,61.0,0.0,0,0.0,RHZB,61,6.49,True
2025-06-15 04:00:07,06-15-2025 03:59:05,251685,Pembroke_CAMP_Test_BM7,PA-II-SD,7.02,43.13258,-71.4596,211,60,0,06-15-2025 04:00:02,19.9,16.5,3.4,19.0,0.7,0.4,55.0,Passed,18.2,68,0,68.0,1.0,0,1.0,RHZB,68,8.5,True
2025-06-15 04:00:07,06-15-2025 03:58:07,153764,Pembroke_CAMP_Test_BM38,PA-II-SD,7.02,43.13242,-71.45837,231,59,0,06-15-2025 04:00:02,22.2,20.7,1.5,7.0,0.7,0.2,111.0,Passed,21.45,71,0,71.0,1.0,0,1.0,RHZB,71,10.27,True
2025-06-15 04:00:07,06-15-2025 03:59:16,1202,KSC 19,PA-II,6.06b,42.936554,-72.27102,488,67,0,06-15-2025 04:00:02,14.8,12.7,2.1,15.0,0.0,0.2,200.0,Passed,13.75,88,0,88.0,1.0,0,1.0,RHZB,88,4.39,True
2025-06-15 04:00:07,06-15-2025 03:58:48,267191,Pembroke_CAMP_Test_BM25,PA-II-SD,7.02,43.132614,-71.459175,220,60,0,06-15-2025 04:00:02,19.2,18.6,0.6,3.0,0.7,0.5,33.0,Passed,18.9,67,0,67.0,1.0,0,1.0,RHZB,67,9.0,True
2025-06-15 04:00:07,06-15-2025 03:59:23,267199,Pembroke_CAMP_Test_BM30,PA-II-SD,7.02,43.13262,-71.4584,229,59,0,06-15-2025 04:00:02,18.2,20.2,2.0,10.0,1.1,0.2,138.0,Passed,19.2,71,0,71.0,1.0,0,1.0,RHZB,71,8.9,True
2025-06-15 04:00:07,06-15-2025 03:58:25,267193,Pembroke_CAMP_Test_BM26,PA-II-SD,7.02,43.13261,-71.45895,230,60,0,06-15-2025 04:00:02,20.4,18.8,1.6,8.0,0.2,0.2,0.0,Passed,19.6,68,0,68.0,0.0,0,0.0,RHZB,68,9.36,True
2025-06-15 04:00:07,06-15-2025 03:58:07,267195,Pembroke_CAMP_Test_BM28,PA-II-SD,7.02,43.132614,-71.45872,231,58,0,06-15-2025 04:00:02,19.3,18.7,0.6,3.0,0.2,0.2,0.0,Passed,19.0,72,0,72.0,1.0,0,1.0,RHZB,72,8.71,True
2025-06-15 04:00:07,06-15-2025 03:58:27,273601,Heavens Plateau,PA-II-ZEN,7.04,43.520084,-71.81902,960,61,61,06-15-2025 04:00:02,18.9,19.6,0.7,4.0,0.2,0.4,67.0,Passed,19.25,55,55,0.0,0,0.0,0.0,Passed,55.0,10.05,True
2025-06-15 04:00:07,06-15-2025 03:59:40,12208,KSC 11,PA-II,7.02,42.94131,-72.28043,507,66,0,06-15-2025 04:00:02,15.2,15.1,0.1,1.0,0.3,0.2,40.0,Passed,15.15,55,0,55.0,0.0,0,0.0,RHZB,55,7.55,True
2025-06-15 04:00:07,06-15-2025 03:59:23,153768,Pembroke_CAMP_Test_BM36,PA-II-SD,7.02,43.13242,-71.458534,229,60,0,06-15-2025 04:00:02,19.6,20.2,0.6,3.0,0.3,0.6,67.0,Passed,19.9,66,0,66.0,0.0,0,0.0,RHZB,66,9.68,True
2025-06-15 04:00:07,06-15-2025 03:58:22,115703,"Waterville Valley, NH",PA-II,7.02,43.953625,-71.50886,1493,52,0,06-15-2025 04:00:02,9.2,11.2,2.0,20.0,0.2,0.2,0.0,Passed,10.2,66,0,66.0,1.0,0,1.0,RHZB,66,3.76,True
2025-06-15 04:00:07,06-15-2025 03:58:55,137660,"Richmond Road, Troy",PA-II,7.02,42.819466,-72.20832,1272,60,0,06-15-2025 04:00:02,11.7,8.9,2.8,27.0,0.1,0.2,67.0,Passed,10.3,72,0,72.0,0.0,0,0.0,RHZB,72,3.4,True
2025-06-15 04:00:07,06-15-2025 03:58:51,143456,Junder22,PA-II,7.02,43.08963,-71.50244,619,58,0,06-15-2025 04:00:02,14.2,13.2,1.0,7.0,0.0,0.1,200.0,Passed,13.7,69,0,69.0,0.0,0,0.0,RHZB,69,5.69,True
2025-06-15 04:00:07,06-15-2025 03:58:16,153512,MHT5 Northest Manchester- Cutler Lane,PA-II-SD,7.02,43.01304,-71.41953,495,62,0,06-15-2025 04:00:02,12.0,11.4,0.6,5.0,0.5,0.7,33.0,Passed,11.7,64,0,64.0,1.0,0,1.0,RHZB,64,4.82,True
2025-06-15 04:00:07,06-15-2025 03:58:47,153734,Pembroke_CAMP_Test_BM33,PA-II-SD,7.02,43.132404,-71.458824,231,59,0,06-15-2025 04:00:02,19.7,20.7,1.0,5.0,0.2,0.6,100.0,Passed,20.2,72,0,72.0,2.0,0,2.0,RHZB,72,9.44,True
2025-06-15 04:00:07,06-15-2025 03:59:23,153750,Pembroke_CAMP_Test_BM32,PA-II-SD,7.02,43.132385,-71.458916,230,60,0,06-15-2025 04:00:02,18.6,19.2,0.6,3.0,0.9,0.4,77.0,Passed,18.9,65,0,65.0,1.0,0,1.0,RHZB,65,9.14,True
2025-06-15 04:00:07,06-05-2025 09:55:16,275390,Murphy Dam,PA-II-FLEX,7.02,45.050266,-71.38472,1333,89,89,06-15-2025 04:00:02,32.0,31.0,1.0,3.0,0.0,0.0,0,T,T,,37,37,0,0.0,0.0,Passed,,,True
2025-06-15 04:10:07,06-15-2025 04:07:50,154041,MHT2 Glosser/Parkside School2 Manchester,PA-II-SD,7.02,42.988956,-71.47882,190,62,0,06-15-2025 04:10:02,12.4,12.2,0.2,2.0,0.7,0.7,0.0,Passed,12.3,62,0,62.0,1.0,0,1.0,RHZB,62,5.32,True
2025-06-15 04:10:07,06-15-2025 04:09:06,154045,MHT3 Northwest School Manchester,PA-II-SD,7.02,42.999123,-71.48408,240,61,0,06-15-2025 04:10:02,16.4,16.4,0.0,0.0,0.0,0.5,200.0,Passed,16.4,63,0,63.0,0.0,0,0.0,RHZB,63,7.75,True
2025-06-15 04:10:07,06-15-2025 04:09:35,154425,MHT4 North End Manchester,PA-II-SD,7.02,43.023964,-71.46163,383,62,0,06-15-2025 04:10:02,15.4,14.3,1.1,7.0,0.2,0.7,111.0,Passed,14.85,64,0,64.0,1.0,0,1.0,RHZB,64,6.74,True
2025-06-15 04:10:07,06-15-2025 04:09:18,160753,KSC 42,PA-II,7.02,42.957714,-72.3163,521,63,0,06-15-2025 04:10:02,17.4,19.0,1.6,9.0,0.2,0.2,0.0,Passed,18.2,62,0,62.0,0.0,0,0.0,RHZB,62,8.92,True
2025-06-15 04:10:07,06-15-2025 04:09:02,175137,MHT9 Hanover Street,PA-II-FLEX,7.04,42.990227,-71.43767,357,65,65,06-15-2025 04:10:02,11.9,12.4,0.5,4.0,0.5,0.4,22.0,Passed,12.15,59,59,0.0,0.0,0.0,0.0,Passed,59.0,5.44,True
2025-06-15 04:10:07,06-15-2025 04:08:53,187097,Convergent,PA-II-FLEX,7.04,42.758415,-71.65097,605,68,68,06-15-2025 04:10:02,15.3,14.0,1.3,9.0,0.2,0.1,67.0,Passed,14.65,57,57,0.0,1.0,1.0,0.0,Passed,57.0,7.11,True
2025-06-15 04:10:07,06-15-2025 04:09:15,189581,New Hampton,PA-II-FLEX,7.04,43.6174,-71.6282,523,64,64,06-15-2025 04:10:02,18.8,26.0,7.2,32.0,0.7,0.9,25.0,Passed,22.4,50,50,0.0,1.0,1.0,0.0,Passed,50.0,12.32,True
2025-06-15 04:10:07,06-15-2025 04:08:53,200757,Sutton Mills,PA-II-ZEN,7.04,43.33507,-71.95151,750,67,67,06-15-2025 04:10:02,20.5,21.2,0.7,3.0,0.1,0.0,200.0,Passed,20.85,50,50,0.0,1.0,1.0,0.0,Passed,50.0,11.38,True
2025-06-15 04:10:07,06-15-2025 04:09:34,196631,We Share The Air,PA-II-FLEX,7.04,43.18085,-70.866714,140,63,63,06-15-2025 04:10:02,12.6,13.4,0.8,6.0,0.1,0.2,67.0,Passed,13.0,58,58,0.0,0.0,0.0,0.0,Passed,58.0,6.03,True
2025-06-15 04:10:07,06-15-2025 04:08:51,220415,Nashua 1,PA-II-ZEN,7.04,42.75815,-71.4652,151,67,67,06-15-2025 04:10:02,12.9,13.6,0.7,5.0,0.1,0.3,100.0,Passed,13.25,55,55,0.0,1.0,1.0,0.0,Passed,55.0,6.39,True
2025-06-15 04:10:07,06-15-2025 04:09:04,221421,Nashua 2,PA-II-ZEN,7.04,42.7496,-71.51419,198,70,70,06-15-2025 04:10:02,13.2,12.6,0.6,5.0,0.1,0.1,0.0,Passed,12.9,47,47,0.0,1.0,1.0,0.0,Passed,47.0,6.74,True
2025-06-15 04:10:07,06-15-2025 04:09:18,244091,Center Harbor Fire Station,PA-II-FLEX,7.04,43.708385,-71.46329,558,64,64,06-15-2025 04:10:02,21.9,20.2,1.7,8.0,0.1,0.1,0.0,Passed,21.05,57,57,0.0,2.0,2.0,0.0,Passed,57.0,11.01,True
2025-06-15 04:10:07,06-15-2025 04:08:26,251687,Pembroke_CAMP_Test_BM8,PA-II-SD,7.02,43.132607,-71.45935,213,59,0,06-15-2025 04:10:02,0.0,19.0,19.0,200.0,0.0,0.1,200.0,QQ,,72,0,72.0,1.0,0,1.0,RHZB,72,,True
2025-06-15 04:10:07,06-15-2025 04:09:18,154001,MHT7 Hayward Street,PA-II-SD,7.02,42.980053,-71.44131,297,64,0,06-15-2025 04:10:02,14.9,12.1,2.8,21.0,0.8,0.4,67.0,Passed,13.5,62,0,62.0,0.0,0,0.0,RHZB,62,6.05,True
2025-06-15 04:10:07,05-02-2025 12:16:47,194263,Pembroke_CAMP_40,PA-II-FLEX,7.04,43.13209,-71.46017,204,67,67,06-15-2025 04:10:02,11.8,11.9,0.1,1.0,0.0,0.0,0,T,T,,50,50,0,0.0,0.0,Passed,,,True
2025-06-15 04:10:07,06-15-2025 04:09:05,251685,Pembroke_CAMP_Test_BM7,PA-II-SD,7.02,43.13258,-71.4596,211,60,0,06-15-2025 04:10:02,19.5,16.6,2.9,16.0,0.4,0.1,120.0,Passed,18.05,68,0,68.0,0.0,0,0.0,RHZB,68,8.41,True
2025-06-15 04:10:07,06-15-2025 04:09:14,153987,MHT 6 UU Church,PA-II-SD,7.02,42.998104,-71.45816,250,63,0,06-15-2025 04:10:02,13.3,13.6,0.3,2.0,0.7,0.6,15.0,Passed,13.45,60,0,60.0,1.0,0,1.0,RHZB,60,6.16,True
2025-06-15 04:10:07,06-15-2025 04:08:07,153764,Pembroke_CAMP_Test_BM38,PA-II-SD,7.02,43.13242,-71.45837,231,59,0,06-15-2025 04:10:02,22.3,20.6,1.7,8.0,0.1,0.1,0.0,Passed,21.45,71,0,71.0,0.0,0,0.0,RHZB,71,10.27,True
2025-06-15 04:10:07,06-15-2025 04:09:23,153768,Pembroke_CAMP_Test_BM36,PA-II-SD,7.02,43.13242,-71.458534,229,59,0,06-15-2025 04:10:02,19.1,20.0,0.9,5.0,0.5,0.2,86.0,Passed,19.55,67,0,67.0,1.0,0,1.0,RHZB,67,9.4,True
2025-06-15 04:10:07,06-15-2025 04:09:17,1202,KSC 19,PA-II,6.06b,42.936554,-72.27102,488,66,0,06-15-2025 04:10:02,14.9,12.8,2.1,15.0,0.1,0.1,0.0,Passed,13.85,88,0,88.0,0.0,0,0.0,RHZB,88,4.45,True
2025-06-15 04:10:07,06-15-2025 04:08:48,267191,Pembroke_CAMP_Test_BM25,PA-II-SD,7.02,43.132614,-71.459175,220,60,0,06-15-2025 04:10:02,19.1,19.1,0.0,0.0,0.1,0.5,133.0,Passed,19.1,67,0,67.0,0.0,0,0.0,RHZB,67,9.12,True
2025-06-15 04:10:07,06-15-2025 04:09:23,267199,Pembroke_CAMP_Test_BM30,PA-II-SD,7.02,43.13262,-71.4584,229,59,0,06-15-2025 04:10:02,18.1,20.0,1.9,10.0,0.1,0.2,67.0,Passed,19.05,71,0,71.0,0.0,0,0.0,RHZB,71,8.81,True
2025-06-15 04:10:07,06-15-2025 04:08:07,267195,Pembroke_CAMP_Test_BM28,PA-II-SD,7.02,43.132614,-71.45872,231,58,0,06-15-2025 04:10:02,18.9,18.7,0.2,1.0,0.4,0.0,200.0,Passed,18.8,72,0,72.0,0.0,0,0.0,RHZB,72,8.59,True
2025-06-15 04:10:07,06-15-2025 04:08:27,273601,Heavens Plateau,PA-II-ZEN,7.04,43.520084,-71.81902,960,61,61,06-15-2025 04:10:02,19.0,19.8,0.8,4.0,0.1,0.2,67.0,Passed,19.4,55,55,0.0,0.0,0.0,0.0,Passed,55.0,10.14,True
2025-06-15 04:10:07,06-15-2025 04:07:40,12208,KSC 11,PA-II,7.02,42.94131,-72.28043,507,67,0,06-15-2025 04:10:02,15.4,15.1,0.3,2.0,0.2,0.0,200.0,Passed,15.25,54,0,54.0,1.0,0,1.0,RHZB,54,7.68,True
2025-06-15 04:10:07,06-15-2025 04:08:25,267193,Pembroke_CAMP_Test_BM26,PA-II-SD,7.02,43.13261,-71.45895,230,59,0,06-15-2025 04:10:02,20.1,18.5,1.6,8.0,0.3,0.3,0.0,Passed,19.3,69,0,69.0,1.0,0,1.0,RHZB,69,9.1,True
2025-06-15 04:10:07,06-15-2025 04:08:22,115703,"Waterville Valley, NH",PA-II,7.02,43.953625,-71.50886,1493,52,0,06-15-2025 04:10:02,9.2,11.3,2.1,20.0,0.0,0.1,200.0,Passed,10.25,65,0,65.0,1.0,0,1.0,RHZB,65,3.86,True
2025-06-15 04:10:07,06-15-2025 04:08:55,137660,"Richmond Road, Troy",PA-II,7.02,42.819466,-72.20832,1272,60,0,06-15-2025 04:10:02,12.0,8.8,3.2,31.0,0.3,0.1,100.0,Passed,10.4,72,0,72.0,0.0,0,0.0,RHZB,72,3.46,True
2025-06-15 04:10:07,06-15-2025 04:08:51,143456,Junder22,PA-II,7.02,43.08963,-71.50244,619,58,0,06-15-2025 04:10:02,14.0,13.3,0.7,5.0,0.2,0.1,67.0,Passed,13.65,69,0,69.0,0.0,0,0.0,RHZB,69,5.66,True
2025-06-15 04:10:07,06-15-2025 04:08:16,153512,MHT5 Northest Manchester- Cutler Lane,PA-II-SD,7.02,43.01304,-71.41953,495,62,0,06-15-2025 04:10:02,11.0,10.7,0.3,3.0,1.0,0.7,35.0,Passed,10.85,64,0,64.0,0.0,0,0.0,RHZB,64,4.3,True
2025-06-15 04:10:07,06-15-2025 04:08:47,153734,Pembroke_CAMP_Test_BM33,PA-II-SD,7.02,43.132404,-71.458824,231,59,0,06-15-2025 04:10:02,19.1,20.9,1.8,9.0,0.6,0.2,100.0,Passed,20.0,74,0,74.0,2.0,0,2.0,RHZB,74,9.18,True
2025-06-15 04:10:07,06-15-2025 04:09:23,153750,Pembroke_CAMP_Test_BM32,PA-II-SD,7.02,43.132385,-71.458916,230,60,0,06-15-2025 04:10:02,18.7,18.9,0.2,1.0,0.1,0.3,100.0,Passed,18.8,66,0,66.0,1.0,0,1.0,RHZB,66,9.01,True
2025-06-15 04:10:07,06-05-2025 09:55:16,275390,Murphy Dam,PA-II-FLEX,7.02,45.050266,-71.38472,1333,89,89,06-15-2025 04:10:02,32.0,31.0,1.0,3.0,0.0,0.0,0,T,T,,37,37,0,0.0,0.0,Passed,,,True
2025-06-15 04:20:07,06-15-2025 04:18:54,187097,Convergent,PA-II-FLEX,7.04,42.758415,-71.65097,605,68,68,06-15-2025 04:20:02,15.2,14.0,1.2,8.0,0.1,0.0,200.0,Passed,14.6,57,57,0.0,0.0,0.0,0.0,Passed,57.0,7.08,True
2025-06-15 04:20:07,06-15-2025 04:17:50,154041,MHT2 Glosser/Parkside School2 Manchester,PA-II-SD,7.02,42.988956,-71.47882,190,62,0,06-15-2025 04:20:02,11.6,11.8,0.2,2.0,0.8,0.4,67.0,Passed,11.7,62,0,62.0,0.0,0,0.0,RHZB,62,4.96,True
2025-06-15 04:20:07,06-15-2025 04:19:06,154045,MHT3 Northwest School Manchester,PA-II-SD,7.02,42.999123,-71.48408,240,61,0,06-15-2025 04:20:02,16.3,16.4,0.1,1.0,0.1,0.0,200.0,Passed,16.35,63,0,63.0,0.0,0,0.0,RHZB,63,7.72,True
2025-06-15 04:20:07,06-15-2025 04:19:35,154425,MHT4 North End Manchester,PA-II-SD,7.02,43.023964,-71.46163,383,62,0,06-15-2025 04:20:02,15.1,14.0,1.1,8.0,0.3,0.3,0.0,Passed,14.55,65,0,65.0,1.0,0,1.0,RHZB,65,6.49,True
2025-06-15 04:20:07,06-15-2025 04:19:18,160753,KSC 42,PA-II,7.02,42.957714,-72.3163,521,63,0,06-15-2025 04:20:02,17.1,18.6,1.5,8.0,0.3,0.4,29.0,Passed,17.85,62,0,62.0,0.0,0,0.0,RHZB,62,8.71,True
2025-06-15 04:20:07,06-15-2025 04:19:02,175137,MHT9 Hanover Street,PA-II-FLEX,7.04,42.990227,-71.43767,357,65,65,06-15-2025 04:20:02,11.5,11.9,0.4,3.0,0.4,0.5,22.0,Passed,11.7,58,58,0.0,1.0,1.0,0.0,Passed,58.0,5.24,True
2025-06-15 04:20:07,06-15-2025 04:19:05,251685,Pembroke_CAMP_Test_BM7,PA-II-SD,7.02,43.13258,-71.4596,211,60,0,06-15-2025 04:20:02,18.9,16.3,2.6,15.0,0.6,0.3,67.0,Passed,17.6,68,0,68.0,0.0,0,0.0,RHZB,68,8.14,True
2025-06-15 04:20:07,06-15-2025 04:19:18,154001,MHT7 Hayward Street,PA-II-SD,7.02,42.980053,-71.44131,297,64,0,06-15-2025 04:20:02,14.3,12.1,2.2,17.0,0.6,0.0,200.0,Passed,13.2,62,0,62.0,0.0,0,0.0,RHZB,62,5.87,True
2025-06-15 04:20:07,06-15-2025 04:19:34,196631,We Share The Air,PA-II-FLEX,7.04,43.18085,-70.866714,140,63,63,06-15-2025 04:20:02,12.7,13.4,0.7,5.0,0.1,0.0,200.0,Passed,13.05,58,58,0.0,0.0,0.0,0.0,Passed,58.0,6.06,True
2025-06-15 04:20:07,06-15-2025 04:18:53,200757,Sutton Mills,PA-II-ZEN,7.04,43.33507,-71.95151,750,67,67,06-15-2025 04:20:02,21.0,21.6,0.6,3.0,0.5,0.4,22.0,Passed,21.3,51,51,0.0,1.0,1.0,0.0,Passed,51.0,11.58,True
2025-06-15 04:20:07,06-15-2025 04:18:52,220415,Nashua 1,PA-II-ZEN,7.04,42.75815,-71.4652,151,66,66,06-15-2025 04:20:02,13.3,13.6,0.3,2.0,0.4,0.0,200.0,Passed,13.45,57,57,0.0,2.0,2.0,0.0,Passed,57.0,6.37,True
2025-06-15 04:20:07,06-15-2025 04:19:04,221421,Nashua 2,PA-II-ZEN,7.04,42.7496,-71.51419,198,70,70,06-15-2025 04:20:02,13.3,12.6,0.7,5.0,0.1,0.0,200.0,Passed,12.95,47,47,0.0,0.0,0.0,0.0,Passed,47.0,6.77,True
2025-06-15 04:20:07,06-15-2025 04:19:18,244091,Center Harbor Fire Station,PA-II-FLEX,7.04,43.708385,-71.46329,558,64,64,06-15-2025 04:20:02,21.7,20.1,1.6,8.0,0.2,0.1,67.0,Passed,20.9,56,56,0.0,1.0,1.0,0.0,Passed,56.0,10.99,True
2025-06-15 04:20:07,06-15-2025 04:18:26,251687,Pembroke_CAMP_Test_BM8,PA-II-SD,7.02,43.132607,-71.45935,213,60,0,06-15-2025 04:20:02,0.0,18.6,18.6,200.0,0.0,0.4,200.0,QQ,,72,0,72.0,0.0,0,0.0,RHZB,72,,True
2025-06-15 04:20:07,05-02-2025 12:16:47,194263,Pembroke_CAMP_40,PA-II-FLEX,7.04,43.13209,-71.46017,204,67,67,06-15-2025 04:20:02,11.8,11.9,0.1,1.0,0.0,0.0,0,T,T,,50,50,0,0.0,0.0,Passed,,,True
2025-06-15 04:20:07,06-15-2025 04:17:14,153987,MHT 6 UU Church,PA-II-SD,7.02,42.998104,-71.45816,250,63,0,06-15-2025 04:20:02,12.7,13.1,0.4,3.0,0.6,0.5,18.0,Passed,12.9,60,0,60.0,0.0,0,0.0,RHZB,60,5.83,True
2025-06-15 04:20:07,06-15-2025 04:19:15,189581,New Hampton,PA-II-FLEX,7.04,43.6174,-71.6282,523,65,65,06-15-2025 04:20:02,19.6,27.3,7.7,33.0,0.8,1.3,48.0,Passed,23.45,50,50,0.0,0.0,0.0,0.0,Passed,50.0,12.96,True
2025-06-15 04:20:07,06-15-2025 04:18:07,153764,Pembroke_CAMP_Test_BM38,PA-II-SD,7.02,43.13242,-71.45837,231,59,0,06-15-2025 04:20:02,21.8,20.1,1.7,8.0,0.5,0.5,0.0,Passed,20.95,71,0,71.0,0.0,0,0.0,RHZB,71,9.97,True
2025-06-15 04:20:07,06-15-2025 04:19:17,1202,KSC 19,PA-II,6.06b,42.936554,-72.27102,488,67,0,06-15-2025 04:20:02,14.8,13.1,1.7,12.0,0.1,0.3,100.0,Passed,13.95,87,0,87.0,1.0,0,1.0,RHZB,87,4.58,True
2025-06-15 04:20:07,06-15-2025 04:18:48,267191,Pembroke_CAMP_Test_BM25,PA-II-SD,7.02,43.132614,-71.459175,220,60,0,06-15-2025 04:20:02,18.6,18.2,0.4,2.0,0.5,0.9,57.0,Passed,18.4,67,0,67.0,0.0,0,0.0,RHZB,67,8.69,True
2025-06-15 04:20:07,06-15-2025 04:19:24,267199,Pembroke_CAMP_Test_BM30,PA-II-SD,7.02,43.13262,-71.4584,229,59,0,06-15-2025 04:20:02,17.8,19.1,1.3,7.0,0.3,0.9,100.0,Passed,18.45,71,0,71.0,0.0,0,0.0,RHZB,71,8.44,True
2025-06-15 04:20:07,06-15-2025 04:18:25,267193,Pembroke_CAMP_Test_BM26,PA-II-SD,7.02,43.13261,-71.45895,230,60,0,06-15-2025 04:20:02,19.5,18.4,1.1,6.0,0.6,0.1,143.0,Passed,18.95,69,0,69.0,0.0,0,0.0,RHZB,69,8.89,True
2025-06-15 04:20:07,06-15-2025 04:18:07,267195,Pembroke_CAMP_Test_BM28,PA-II-SD,7.02,43.132614,-71.45872,231,58,0,06-15-2025 04:20:02,18.5,18.0,0.5,3.0,0.4,0.7,55.0,Passed,18.25,72,0,72.0,0.0,0,0.0,RHZB,72,8.25,True
2025-06-15 04:20:07,06-15-2025 04:18:27,273601,Heavens Plateau,PA-II-ZEN,7.04,43.520084,-71.81902,960,60,60,06-15-2025 04:20:02,18.5,19.6,1.1,6.0,0.5,0.2,86.0,Passed,19.05,55,55,0.0,0.0,0.0,0.0,Passed,55.0,9.93,True
2025-06-15 04:20:07,06-15-2025 04:19:40,12208,KSC 11,PA-II,7.02,42.94131,-72.28043,507,67,0,06-15-2025 04:20:02,15.4,15.0,0.4,3.0,0.0,0.1,200.0,Passed,15.2,54,0,54.0,0.0,0,0.0,RHZB,54,7.65,True
2025-06-15 04:20:07,06-15-2025 04:19:23,153768,Pembroke_CAMP_Test_BM36,PA-II-SD,7.02,43.13242,-71.458534,229,60,0,06-15-2025 04:20:02,18.7,19.9,1.2,6.0,0.4,0.1,120.0,Passed,19.3,67,0,67.0,0.0,0,0.0,RHZB,67,9.24,True
2025-06-15 04:20:07,06-15-2025 04:18:22,115703,"Waterville Valley, NH",PA-II,7.02,43.953625,-71.50886,1493,52,0,06-15-2025 04:20:02,9.2,11.3,2.1,20.0,0.0,0.0,0,Passed,10.25,66,0,66.0,1.0,0,1.0,RHZB,66,3.79,True
2025-06-15 04:20:07,06-15-2025 04:18:55,137660,"Richmond Road, Troy",PA-II,7.02,42.819466,-72.20832,1272,60,0,06-15-2025 04:20:02,12.1,8.7,3.4,33.0,0.1,0.1,0.0,Passed,10.4,72,0,72.0,0.0,0,0.0,RHZB,72,3.46,True
2025-06-15 04:20:07,06-15-2025 04:18:52,143456,Junder22,PA-II,7.02,43.08963,-71.50244,619,58,0,06-15-2025 04:20:02,13.8,13.3,0.5,4.0,0.2,0.0,200.0,Passed,13.55,69,0,69.0,0.0,0,0.0,RHZB,69,5.6,True
2025-06-15 04:20:07,06-15-2025 04:18:16,153512,MHT5 Northest Manchester- Cutler Lane,PA-II-SD,7.02,43.01304,-71.41953,495,62,0,06-15-2025 04:20:02,10.2,9.8,0.4,4.0,0.8,0.9,12.0,Passed,10.0,64,0,64.0,0.0,0,0.0,RHZB,64,3.78,True
2025-06-15 04:20:07,06-15-2025 04:18:47,153734,Pembroke_CAMP_Test_BM33,PA-II-SD,7.02,43.132404,-71.458824,231,59,0,06-15-2025 04:20:02,19.0,20.4,1.4,7.0,0.1,0.5,133.0,Passed,19.7,73,0,73.0,1.0,0,1.0,RHZB,73,9.07,True
2025-06-15 04:20:07,06-15-2025 04:19:23,153750,Pembroke_CAMP_Test_BM32,PA-II-SD,7.02,43.132385,-71.458916,230,60,0,06-15-2025 04:20:02,18.3,18.7,0.4,2.0,0.4,0.2,67.0,Passed,18.5,66,0,66.0,0.0,0,0.0,RHZB,66,8.82,True
2025-06-15 04:20:07,06-05-2025 09:55:16,275390,Murphy Dam,PA-II-FLEX,7.02,45.050266,-71.38472,1333,89,89,06-15-2025 04:20:02,32.0,31.0,1.0,3.0,0.0,0.0,0,T,T,,37,37,0,0.0,0.0,Passed,,,True
2025-06-15 04:30:07,06-15-2025 04:29:06,154045,MHT3 Northwest School Manchester,PA-II-SD,7.02,42.999123,-71.48408,240,61,0,06-15-2025 04:30:02,16.7,16.6,0.1,1.0,0.4,0.2,67.0,Passed,16.65,64,0,64.0,1.0,0,1.0,RHZB,64,7.84,True
2025-06-15 04:30:07,06-15-2025 04:29:36,154425,MHT4 North End Manchester,PA-II-SD,7.02,43.023964,-71.46163,383,62,0,06-15-2025 04:30:02,14.7,13.4,1.3,9.0,0.4,0.6,40.0,Passed,14.05,64,0,64.0,1.0,0,1.0,RHZB,64,6.25,True
2025-06-15 04:30:07,06-15-2025 04:29:18,160753,KSC 42,PA-II,7.02,42.957714,-72.3163,521,63,0,06-15-2025 04:30:02,17.0,18.6,1.6,9.0,0.1,0.0,200.0,Passed,17.8,62,0,62.0,0.0,0,0.0,RHZB,62,8.68,True
2025-06-15 04:30:07,06-15-2025 04:29:02,175137,MHT9 Hanover Street,PA-II-FLEX,7.04,42.990227,-71.43767,357,65,65,06-15-2025 04:30:02,11.1,11.7,0.6,5.0,0.4,0.2,67.0,Passed,11.4,60,60,0.0,2.0,2.0,0.0,Passed,60.0,4.91,True
2025-06-15 04:30:07,06-15-2025 04:28:54,187097,Convergent,PA-II-FLEX,7.04,42.758415,-71.65097,605,68,68,06-15-2025 04:30:02,15.7,14.2,1.5,10.0,0.5,0.2,86.0,Passed,14.95,56,56,0.0,1.0,1.0,0.0,Passed,56.0,7.36,True
2025-06-15 04:30:07,06-15-2025 04:29:15,189581,New Hampton,PA-II-FLEX,7.04,43.6174,-71.6282,523,65,65,06-15-2025 04:30:02,20.1,27.6,7.5,31.0,0.5,0.3,50.0,Passed,23.85,50,50,0.0,0.0,0.0,0.0,Passed,50.0,13.21,True
2025-06-15 04:30:07,05-02-2025 12:16:47,194263,Pembroke_CAMP_40,PA-II-FLEX,7.04,43.13209,-71.46017,204,67,67,06-15-2025 04:30:02,11.8,11.9,0.1,1.0,0.0,0.0,0,T,T,,50,50,0,0.0,0.0,Passed,,,True
2025-06-15 04:30:07,06-15-2025 04:28:52,220415,Nashua 1,PA-II-ZEN,7.04,42.75815,-71.4652,151,65,65,06-15-2025 04:30:02,12.9,13.1,0.2,2.0,0.4,0.5,22.0,Passed,13.0,57,57,0.0,0.0,0.0,0.0,Passed,57.0,6.1,True
2025-06-15 04:30:07,06-15-2025 04:28:53,200757,Sutton Mills,PA-II-ZEN,7.04,43.33507,-71.95151,750,67,67,06-15-2025 04:30:02,21.5,21.7,0.2,1.0,0.5,0.1,133.0,Passed,21.6,51,51,0.0,0.0,0.0,0.0,Passed,51.0,11.77,True
2025-06-15 04:30:07,06-15-2025 04:29:04,221421,Nashua 2,PA-II-ZEN,7.04,42.7496,-71.51419,198,69,69,06-15-2025 04:30:02,13.4,12.8,0.6,5.0,0.1,0.2,67.0,Passed,13.1,48,48,0.0,1.0,1.0,0.0,Passed,48.0,6.79,True
2025-06-15 04:30:07,06-15-2025 04:29:18,244091,Center Harbor Fire Station,PA-II-FLEX,7.04,43.708385,-71.46329,558,64,64,06-15-2025 04:30:02,21.5,19.9,1.6,8.0,0.2,0.2,0.0,Passed,20.7,56,56,0.0,0.0,0.0,0.0,Passed,56.0,10.87,True
2025-06-15 04:30:07,06-15-2025 04:28:26,251687,Pembroke_CAMP_Test_BM8,PA-II-SD,7.02,43.132607,-71.45935,213,60,0,06-15-2025 04:30:02,0.0,17.9,17.9,200.0,0.0,0.7,200.0,QQ,,70,0,70.0,2.0,0,2.0,RHZB,70,,True
2025-06-15 04:30:07,06-15-2025 04:29:06,251685,Pembroke_CAMP_Test_BM7,PA-II-SD,7.02,43.13258,-71.4596,211,60,0,06-15-2025 04:30:02,18.0,15.8,2.2,13.0,0.9,0.5,57.0,Passed,16.9,67,0,67.0,1.0,0,1.0,RHZB,67,7.78,True
2025-06-15 04:30:07,06-15-2025 04:29:50,154041,MHT2 Glosser/Parkside School2 Manchester,PA-II-SD,7.02,42.988956,-71.47882,190,61,0,06-15-2025 04:30:02,11.4,11.5,0.1,1.0,0.2,0.3,40.0,Passed,11.45,62,0,62.0,0.0,0,0.0,RHZB,62,4.8,True
2025-06-15 04:30:07,06-15-2025 04:27:34,196631,We Share The Air,PA-II-FLEX,7.04,43.18085,-70.866714,140,63,63,06-15-2025 04:30:02,12.8,13.5,0.7,5.0,0.1,0.1,0.0,Passed,13.15,58,58,0.0,0.0,0.0,0.0,Passed,58.0,6.12,True
2025-06-15 04:30:07,06-15-2025 04:29:18,154001,MHT7 Hayward Street,PA-II-SD,7.02,42.980053,-71.44131,297,64,0,06-15-2025 04:30:02,14.2,11.6,2.6,20.0,0.1,0.5,133.0,Passed,12.9,63,0,63.0,1.0,0,1.0,RHZB,63,5.62,True
2025-06-15 04:30:07,06-15-2025 04:29:14,153987,MHT 6 UU Church,PA-II-SD,7.02,42.998104,-71.45816,250,62,0,06-15-2025 04:30:02,12.3,12.4,0.1,1.0,0.4,0.7,55.0,Passed,12.35,61,0,61.0,1.0,0,1.0,RHZB,61,5.42,True
2025-06-15 04:30:07,06-15-2025 04:29:23,153768,Pembroke_CAMP_Test_BM36,PA-II-SD,7.02,43.13242,-71.458534,229,60,0,06-15-2025 04:30:02,18.4,19.3,0.9,5.0,0.3,0.6,67.0,Passed,18.85,66,0,66.0,1.0,0,1.0,RHZB,66,9.04,True
2025-06-15 04:30:07,06-15-2025 04:28:48,267191,Pembroke_CAMP_Test_BM25,PA-II-SD,7.02,43.132614,-71.459175,220,60,0,06-15-2025 04:30:02,18.3,17.3,1.0,6.0,0.3,0.9,100.0,Passed,17.8,66,0,66.0,1.0,0,1.0,RHZB,66,8.4,True
2025-06-15 04:30:07,06-15-2025 04:29:23,267199,Pembroke_CAMP_Test_BM30,PA-II-SD,7.02,43.13262,-71.4584,229,59,0,06-15-2025 04:30:02,17.4,18.6,1.2,7.0,0.4,0.5,22.0,Passed,18.0,71,0,71.0,0.0,0,0.0,RHZB,71,8.17,True
2025-06-15 04:30:07,06-15-2025 04:28:26,267193,Pembroke_CAMP_Test_BM26,PA-II-SD,7.02,43.13261,-71.45895,230,60,0,06-15-2025 04:30:02,19.2,18.0,1.2,6.0,0.3,0.4,29.0,Passed,18.6,68,0,68.0,1.0,0,1.0,RHZB,68,8.75,True
2025-06-15 04:30:07,06-15-2025 04:28:07,267195,Pembroke_CAMP_Test_BM28,PA-II-SD,7.02,43.132614,-71.45872,231,59,0,06-15-2025 04:30:02,18.0,17.6,0.4,2.0,0.5,0.4,22.0,Passed,17.8,71,0,71.0,1.0,0,1.0,RHZB,71,8.05,True
2025-06-15 04:30:07,06-15-2025 04:28:27,273601,Heavens Plateau,PA-II-ZEN,7.04,43.520084,-71.81902,960,60,60,06-15-2025 04:30:02,18.6,19.6,1.0,5.0,0.1,0.0,200.0,Passed,19.1,55,55,0.0,0.0,0.0,0.0,Passed,55.0,9.96,True
2025-06-15 04:30:07,06-15-2025 04:29:40,12208,KSC 11,PA-II,7.02,42.94131,-72.28043,507,67,0,06-15-2025 04:30:02,15.6,15.0,0.6,4.0,0.2,0.0,200.0,Passed,15.3,54,0,54.0,0.0,0,0.0,RHZB,54,7.71,True
2025-06-15 04:30:07,06-05-2025 09:55:16,275390,Murphy Dam,PA-II-FLEX,7.02,45.050266,-71.38472,1333,89,89,06-15-2025 04:30:02,32.0,31.0,1.0,3.0,0.0,0.0,0,T,T,,37,37,0,0.0,0.0,Passed,,,True
2025-06-15 04:30:07,06-15-2025 04:29:17,1202,KSC 19,PA-II,6.06b,42.936554,-72.27102,488,66,0,06-15-2025 04:30:02,14.9,13.1,1.8,13.0,0.1,0.0,200.0,Passed,14.0,88,0,88.0,1.0,0,1.0,RHZB,88,4.54,True
2025-06-15 04:30:07,06-15-2025 04:28:55,137660,"Richmond Road, Troy",PA-II,7.02,42.819466,-72.20832,1272,60,0,06-15-2025 04:30:02,11.8,9.1,2.7,26.0,0.3,0.4,29.0,Passed,10.45,72,0,72.0,0.0,0,0.0,RHZB,72,3.49,True
2025-06-15 04:30:07,06-15-2025 04:28:52,143456,Junder22,PA-II,7.02,43.08963,-71.50244,619,58,0,06-15-2025 04:30:02,13.8,13.3,0.5,4.0,0.0,0.0,0,Passed,13.55,69,0,69.0,0.0,0,0.0,RHZB,69,5.6,True
2025-06-15 04:30:07,06-15-2025 04:28:16,153512,MHT5 Northest Manchester- Cutler Lane,PA-II-SD,7.02,43.01304,-71.41953,495,61,0,06-15-2025 04:30:02,9.8,9.3,0.5,5.0,0.4,0.5,22.0,Passed,9.55,64,0,64.0,0.0,0,0.0,RHZB,64,3.51,True
2025-06-15 04:30:07,06-15-2025 04:28:47,153734,Pembroke_CAMP_Test_BM33,PA-II-SD,7.02,43.132404,-71.458824,231,59,0,06-15-2025 04:30:02,18.8,19.5,0.7,4.0,0.2,0.9,127.0,Passed,19.15,71,0,71.0,2.0,0,2.0,RHZB,71,8.87,True
2025-06-15 04:30:07,06-15-2025 04:29:23,153750,Pembroke_CAMP_Test_BM32,PA-II-SD,7.02,43.132385,-71.458916,230,60,0,06-15-2025 04:30:02,18.1,18.5,0.4,2.0,0.2,0.2,0.0,Passed,18.3,65,0,65.0,1.0,0,1.0,RHZB,65,8.77,True
2025-06-15 04:30:07,06-15-2025 04:28:07,153764,Pembroke_CAMP_Test_BM38,PA-II-SD,7.02,43.13242,-71.45837,231,60,0,06-15-2025 04:30:02,20.9,19.5,1.4,7.0,0.9,0.6,40.0,Passed,20.2,70,0,70.0,1.0,0,1.0,RHZB,70,9.58,True
2025-06-15 04:30:07,06-15-2025 04:28:22,115703,"Waterville Valley, NH",PA-II,7.02,43.953625,-71.50886,1493,53,0,06-15-2025 04:30:02,9.2,11.1,1.9,19.0,0.0,0.2,200.0,Passed,10.15,66,0,66.0,0.0,0,0.0,RHZB,66,3.73,True
2025-06-15 04:40:06,06-15-2025 04:37:50,154041,MHT2 Glosser/Parkside School2 Manchester,PA-II-SD,7.02,42.988956,-71.47882,190,62,0,06-15-2025 04:40:02,11.4,11.4,0.0,0.0,0.0,0.1,200.0,Passed,11.4,63,0,63.0,1.0,0,1.0,RHZB,63,4.7,True
2025-06-15 04:40:06,06-15-2025 04:37:06,154045,MHT3 Northwest School Manchester,PA-II-SD,7.02,42.999123,-71.48408,240,61,0,06-15-2025 04:40:02,16.6,16.7,0.1,1.0,0.1,0.1,0.0,Passed,16.65,64,0,64.0,0.0,0,0.0,RHZB,64,7.84,True
2025-06-15 04:40:06,06-15-2025 04:39:35,154425,MHT4 North End Manchester,PA-II-SD,7.02,43.023964,-71.46163,383,62,0,06-15-2025 04:40:02,14.3,13.2,1.1,8.0,0.4,0.2,67.0,Passed,13.75,65,0,65.0,1.0,0,1.0,RHZB,65,6.0,True
2025-06-15 04:40:06,06-15-2025 04:39:18,160753,KSC 42,PA-II,7.02,42.957714,-72.3163,521,63,0,06-15-2025 04:40:02,16.9,18.9,2.0,11.0,0.1,0.3,100.0,Passed,17.9,62,0,62.0,0.0,0,0.0,RHZB,62,8.74,True
2025-06-15 04:40:06,06-15-2025 04:39:02,175137,MHT9 Hanover Street,PA-II-FLEX,7.04,42.990227,-71.43767,357,64,64,06-15-2025 04:40:02,10.9,11.4,0.5,4.0,0.2,0.3,40.0,Passed,11.15,60,60,0.0,0.0,0.0,0.0,Passed,60.0,4.76,True
2025-06-15 04:40:06,06-15-2025 04:38:54,187097,Convergent,PA-II-FLEX,7.04,42.758415,-71.65097,605,68,68,06-15-2025 04:40:02,15.8,14.4,1.4,9.0,0.1,0.2,67.0,Passed,15.1,57,57,0.0,1.0,1.0,0.0,Passed,57.0,7.38,True
2025-06-15 04:40:06,06-15-2025 04:39:15,189581,New Hampton,PA-II-FLEX,7.04,43.6174,-71.6282,523,65,65,06-15-2025 04:40:02,20.8,28.7,7.9,32.0,0.7,1.1,44.0,Passed,24.75,51,51,0.0,1.0,1.0,0.0,Passed,51.0,13.69,True
2025-06-15 04:40:06,06-15-2025 04:38:54,200757,Sutton Mills,PA-II-ZEN,7.04,43.33507,-71.95151,750,67,67,06-15-2025 04:40:02,21.8,21.9,0.1,0.0,0.3,0.2,40.0,Passed,21.85,52,52,0.0,1.0,1.0,0.0,Passed,52.0,11.85,True
2025-06-15 04:40:06,06-15-2025 04:39:34,196631,We Share The Air,PA-II-FLEX,7.04,43.18085,-70.866714,140,64,64,06-15-2025 04:40:02,12.7,13.4,0.7,5.0,0.1,0.1,0.0,Passed,13.05,57,57,0.0,1.0,1.0,0.0,Passed,57.0,6.13,True
2025-06-15 04:40:06,06-15-2025 04:38:52,220415,Nashua 1,PA-II-ZEN,7.04,42.75815,-71.4652,151,66,66,06-15-2025 04:40:02,12.6,12.8,0.2,2.0,0.3,0.3,0.0,Passed,12.7,56,56,0.0,1.0,1.0,0.0,Passed,56.0,5.99,True
2025-06-15 04:40:06,06-15-2025 04:39:04,221421,Nashua 2,PA-II-ZEN,7.04,42.7496,-71.51419,198,69,69,06-15-2025 04:40:02,13.1,12.6,0.5,4.0,0.3,0.2,40.0,Passed,12.85,49,49,0.0,1.0,1.0,0.0,Passed,49.0,6.57,True
2025-06-15 04:40:06,06-15-2025 04:39:18,244091,Center Harbor Fire Station,PA-II-FLEX,7.04,43.708385,-71.46329,558,63,63,06-15-2025 04:40:02,21.7,20.3,1.4,7.0,0.2,0.4,67.0,Passed,21.0,58,58,0.0,2.0,2.0,0.0,Passed,58.0,10.91,True
2025-06-15 04:40:06,06-15-2025 04:38:26,251687,Pembroke_CAMP_Test_BM8,PA-II-SD,7.02,43.132607,-71.45935,213,60,0,06-15-2025 04:40:02,0.0,17.5,17.5,200.0,0.0,0.4,200.0,QQ,,70,0,70.0,0.0,0,0.0,RHZB,70,,True
2025-06-15 04:40:06,06-15-2025 04:39:19,154001,MHT7 Hayward Street,PA-II-SD,7.02,42.980053,-71.44131,297,64,0,06-15-2025 04:40:02,13.7,11.2,2.5,20.0,0.5,0.4,22.0,Passed,12.45,63,0,63.0,0.0,0,0.0,RHZB,63,5.34,True
2025-06-15 04:40:06,05-02-2025 12:16:47,194263,Pembroke_CAMP_40,PA-II-FLEX,7.04,43.13209,-71.46017,204,67,67,06-15-2025 04:40:02,11.8,11.9,0.1,1.0,0.0,0.0,0,T,T,,50,50,0,0.0,0.0,Passed,,,True
2025-06-15 04:40:06,06-15-2025 04:39:14,153987,MHT 6 UU Church,PA-II-SD,7.02,42.998104,-71.45816,250,62,0,06-15-2025 04:40:02,11.8,12.3,0.5,4.0,0.5,0.1,133.0,Passed,12.05,61,0,61.0,0.0,0,0.0,RHZB,61,5.24,True
2025-06-15 04:40:06,06-15-2025 04:37:06,251685,Pembroke_CAMP_Test_BM7,PA-II-SD,7.02,43.13258,-71.4596,211,60,0,06-15-2025 04:40:02,18.1,15.7,2.4,14.0,0.1,0.1,0.0,Passed,16.9,67,0,67.0,0.0,0,0.0,RHZB,67,7.78,True
2025-06-15 04:40:06,06-15-2025 04:38:08,153764,Pembroke_CAMP_Test_BM38,PA-II-SD,7.02,43.13242,-71.45837,231,59,0,06-15-2025 04:40:02,20.9,19.2,1.7,8.0,0.0,0.3,200.0,Passed,20.05,70,0,70.0,0.0,0,0.0,RHZB,70,9.49,True
2025-06-15 04:40:06,06-15-2025 04:39:17,1202,KSC 19,PA-II,6.06b,42.936554,-72.27102,488,67,0,06-15-2025 04:40:02,14.8,13.1,1.7,12.0,0.1,0.0,200.0,Passed,13.95,88,0,88.0,0.0,0,0.0,RHZB,88,4.51,True
2025-06-15 04:40:06,06-15-2025 04:38:49,267191,Pembroke_CAMP_Test_BM25,PA-II-SD,7.02,43.132614,-71.459175,220,60,0,06-15-2025 04:40:02,18.6,17.1,1.5,8.0,0.3,0.2,40.0,Passed,17.85,66,0,66.0,0.0,0,0.0,RHZB,66,8.43,True
2025-06-15 04:40:06,06-15-2025 04:39:24,267199,Pembroke_CAMP_Test_BM30,PA-II-SD,7.02,43.13262,-71.4584,229,59,0,06-15-2025 04:40:02,17.3,18.6,1.3,7.0,0.1,0.0,200.0,Passed,17.95,71,0,71.0,0.0,0,0.0,RHZB,71,8.14,True
2025-06-15 04:40:06,06-15-2025 04:38:26,267193,Pembroke_CAMP_Test_BM26,PA-II-SD,7.02,43.13261,-71.45895,230,59,0,06-15-2025 04:40:02,19.1,17.5,1.6,9.0,0.1,0.5,133.0,Passed,18.3,68,0,68.0,0.0,0,0.0,RHZB,68,8.56,True
2025-06-15 04:40:06,06-15-2025 04:38:08,267195,Pembroke_CAMP_Test_BM28,PA-II-SD,7.02,43.132614,-71.45872,231,58,0,06-15-2025 04:40:02,18.1,17.4,0.7,4.0,0.1,0.2,67.0,Passed,17.75,71,0,71.0,0.0,0,0.0,RHZB,71,8.02,True
2025-06-15 04:40:06,06-15-2025 04:38:27,273601,Heavens Plateau,PA-II-ZEN,7.04,43.520084,-71.81902,960,59,59,06-15-2025 04:40:02,18.7,19.3,0.6,3.0,0.1,0.3,100.0,Passed,19.0,55,55,0.0,0.0,0.0,0.0,Passed,55.0,9.9,True
2025-06-15 04:40:06,06-15-2025 04:37:41,12208,KSC 11,PA-II,7.02,42.94131,-72.28043,507,67,0,06-15-2025 04:40:02,15.6,15.1,0.5,3.0,0.0,0.1,200.0,Passed,15.35,55,0,55.0,1.0,0,1.0,RHZB,55,7.67,True
2025-06-15 04:40:06,06-15-2025 04:39:23,153768,Pembroke_CAMP_Test_BM36,PA-II-SD,7.02,43.13242,-71.458534,229,59,0,06-15-2025 04:40:02,18.1,19.1,1.0,5.0,0.3,0.2,40.0,Passed,18.6,67,0,67.0,1.0,0,1.0,RHZB,67,8.82,True
2025-06-15 04:40:06,06-15-2025 04:38:22,115703,"Waterville Valley, NH",PA-II,7.02,43.953625,-71.50886,1493,53,0,06-15-2025 04:40:02,9.2,11.3,2.1,20.0,0.0,0.2,200.0,Passed,10.25,66,0,66.0,0.0,0,0.0,RHZB,66,3.79,True
2025-06-15 04:40:06,06-15-2025 04:38:56,137660,"Richmond Road, Troy",PA-II,7.02,42.819466,-72.20832,1272,60,0,06-15-2025 04:40:02,11.9,9.2,2.7,26.0,0.1,0.1,0.0,Passed,10.55,71,0,71.0,1.0,0,1.0,RHZB,71,3.63,True
2025-06-15 04:40:06,06-15-2025 04:38:52,143456,Junder22,PA-II,7.02,43.08963,-71.50244,619,58,0,06-15-2025 04:40:02,14.0,13.6,0.4,3.0,0.2,0.3,40.0,Passed,13.8,69,0,69.0,0.0,0,0.0,RHZB,69,5.75,True
2025-06-15 04:40:06,06-15-2025 04:38:16,153512,MHT5 Northest Manchester- Cutler Lane,PA-II-SD,7.02,43.01304,-71.41953,495,62,0,06-15-2025 04:40:02,9.6,9.0,0.6,6.0,0.2,0.3,40.0,Passed,9.3,64,0,64.0,0.0,0,0.0,RHZB,64,3.35,True
2025-06-15 04:40:06,06-15-2025 04:38:48,153734,Pembroke_CAMP_Test_BM33,PA-II-SD,7.02,43.132404,-71.458824,231,59,0,06-15-2025 04:40:02,19.0,19.3,0.3,2.0,0.2,0.2,0.0,Passed,19.15,71,0,71.0,0.0,0,0.0,RHZB,71,8.87,True
2025-06-15 04:40:06,06-15-2025 04:39:23,153750,Pembroke_CAMP_Test_BM32,PA-II-SD,7.02,43.132385,-71.458916,230,59,0,06-15-2025 04:40:02,18.1,18.4,0.3,2.0,0.0,0.1,200.0,Passed,18.25,65,0,65.0,0.0,0,0.0,RHZB,65,8.74,True
2025-06-15 04:40:06,06-05-2025 09:55:16,275390,Murphy Dam,PA-II-FLEX,7.02,45.050266,-71.38472,1333,89,89,06-15-2025 04:40:02,32.0,31.0,1.0,3.0,0.0,0.0,0,T,T,,37,37,0,0.0,0.0,Passed,,,True
2025-06-15 04:50:06,06-15-2025 04:47:50,154041,MHT2 Glosser/Parkside School2 Manchester,PA-II-SD,7.02,42.988956,-71.47882,190,61,0,06-15-2025 04:50:02,12.1,12.3,0.2,2.0,0.7,0.9,25.0,Passed,12.2,64,0,64.0,1.0,0,1.0,RHZB,64,5.12,True
2025-06-15 04:50:06,06-15-2025 04:49:06,154045,MHT3 Northwest School Manchester,PA-II-SD,7.02,42.999123,-71.48408,240,61,0,06-15-2025 04:50:02,16.5,16.2,0.3,2.0,0.1,0.5,133.0,Passed,16.35,64,0,64.0,0.0,0,0.0,RHZB,64,7.65,True
2025-06-15 04:50:06,06-15-2025 04:49:35,154425,MHT4 North End Manchester,PA-II-SD,7.02,43.023964,-71.46163,383,62,0,06-15-2025 04:50:02,14.2,12.8,1.4,10.0,0.1,0.4,120.0,Passed,13.5,65,0,65.0,0.0,0,0.0,RHZB,65,5.84,True
2025-06-15 04:50:06,06-15-2025 04:49:18,160753,KSC 42,PA-II,7.02,42.957714,-72.3163,521,63,0,06-15-2025 04:50:02,17.0,18.8,1.8,10.0,0.1,0.1,0.0,Passed,17.9,62,0,62.0,0.0,0,0.0,RHZB,62,8.74,True
2025-06-15 04:50:06,06-15-2025 04:49:02,175137,MHT9 Hanover Street,PA-II-FLEX,7.04,42.990227,-71.43767,357,64,64,06-15-2025 04:50:02,10.3,11.0,0.7,7.0,0.6,0.4,40.0,Passed,10.65,61,61,0.0,1.0,1.0,0.0,Passed,61.0,4.39,True
2025-06-15 04:50:06,06-15-2025 04:48:54,187097,Convergent,PA-II-FLEX,7.04,42.758415,-71.65097,605,68,68,06-15-2025 04:50:02,15.8,14.6,1.2,8.0,0.0,0.2,200.0,Passed,15.2,57,57,0.0,0.0,0.0,0.0,Passed,57.0,7.44,True
2025-06-15 04:50:06,06-15-2025 04:49:15,189581,New Hampton,PA-II-FLEX,7.04,43.6174,-71.6282,523,65,65,06-15-2025 04:50:02,22.0,30.0,8.0,31.0,1.2,1.3,8.0,Passed,26.0,52,52,0.0,1.0,1.0,0.0,Passed,52.0,14.38,True
2025-06-15 04:50:06,06-15-2025 04:48:53,200757,Sutton Mills,PA-II-ZEN,7.04,43.33507,-71.95151,750,67,67,06-15-2025 04:50:02,22.2,22.3,0.1,0.0,0.4,0.4,0.0,Passed,22.25,51,51,0.0,1.0,1.0,0.0,Passed,51.0,12.16,True
2025-06-15 04:50:06,06-15-2025 04:49:35,196631,We Share The Air,PA-II-FLEX,7.04,43.18085,-70.866714,140,63,63,06-15-2025 04:50:02,12.3,13.2,0.9,7.0,0.4,0.2,67.0,Passed,12.75,58,58,0.0,1.0,1.0,0.0,Passed,58.0,5.88,True
2025-06-15 04:50:06,06-15-2025 04:48:52,220415,Nashua 1,PA-II-ZEN,7.04,42.75815,-71.4652,151,66,66,06-15-2025 04:50:02,12.5,12.8,0.3,2.0,0.1,0.0,200.0,Passed,12.65,56,56,0.0,0.0,0.0,0.0,Passed,56.0,5.96,True
2025-06-15 04:50:06,06-15-2025 04:49:04,221421,Nashua 2,PA-II-ZEN,7.04,42.7496,-71.51419,198,69,69,06-15-2025 04:50:02,12.6,12.2,0.4,3.0,0.5,0.4,22.0,Passed,12.4,49,49,0.0,0.0,0.0,0.0,Passed,49.0,6.29,True
2025-06-15 04:50:06,06-15-2025 04:49:18,244091,Center Harbor Fire Station,PA-II-FLEX,7.04,43.708385,-71.46329,558,63,63,06-15-2025 04:50:02,22.5,21.2,1.3,6.0,0.8,0.9,12.0,Passed,21.85,58,58,0.0,0.0,0.0,0.0,Passed,58.0,11.43,True
2025-06-15 04:50:06,06-15-2025 04:48:26,251687,Pembroke_CAMP_Test_BM8,PA-II-SD,7.02,43.132607,-71.45935,213,60,0,06-15-2025 04:50:02,0.0,18.2,18.2,200.0,0.0,0.7,200.0,QQ,,71,0,71.0,1.0,0,1.0,RHZB,71,,True
2025-06-15 04:50:06,06-15-2025 04:49:19,154001,MHT7 Hayward Street,PA-II-SD,7.02,42.980053,-71.44131,297,63,0,06-15-2025 04:50:02,13.1,10.7,2.4,20.0,0.6,0.5,18.0,Passed,11.9,62,0,62.0,1.0,0,1.0,RHZB,62,5.08,True
2025-06-15 04:50:06,05-02-2025 12:16:47,194263,Pembroke_CAMP_40,PA-II-FLEX,7.04,43.13209,-71.46017,204,67,67,06-15-2025 04:50:02,11.8,11.9,0.1,1.0,0.0,0.0,0,T,T,,50,50,0,0.0,0.0,Passed,,,True
2025-06-15 04:50:06,06-15-2025 04:49:14,153987,MHT 6 UU Church,PA-II-SD,7.02,42.998104,-71.45816,250,63,0,06-15-2025 04:50:02,11.9,12.4,0.5,4.0,0.1,0.1,0.0,Passed,12.15,61,0,61.0,0.0,0,0.0,RHZB,61,5.3,True
2025-06-15 04:50:06,06-15-2025 04:49:06,251685,Pembroke_CAMP_Test_BM7,PA-II-SD,7.02,43.13258,-71.4596,211,60,0,06-15-2025 04:50:02,19.2,16.2,3.0,17.0,1.1,0.5,75.0,Passed,17.7,67,0,67.0,0.0,0,0.0,RHZB,67,8.27,True
2025-06-15 04:50:06,06-15-2025 04:48:08,153764,Pembroke_CAMP_Test_BM38,PA-II-SD,7.02,43.13242,-71.45837,231,60,0,06-15-2025 04:50:02,21.6,20.1,1.5,7.0,0.7,0.9,25.0,Passed,20.85,70,0,70.0,0.0,0,0.0,RHZB,70,9.98,True
2025-06-15 04:50:06,06-15-2025 04:49:17,1202,KSC 19,PA-II,6.06b,42.936554,-72.27102,488,66,0,06-15-2025 04:50:02,14.8,13.1,1.7,12.0,0.0,0.0,0,Passed,13.95,88,0,88.0,0.0,0,0.0,RHZB,88,4.51,True
2025-06-15 04:50:06,06-15-2025 04:48:48,267191,Pembroke_CAMP_Test_BM25,PA-II-SD,7.02,43.132614,-71.459175,220,60,0,06-15-2025 04:50:02,19.0,18.0,1.0,5.0,0.4,0.9,77.0,Passed,18.5,66,0,66.0,0.0,0,0.0,RHZB,66,8.82,True
2025-06-15 04:50:06,06-15-2025 04:49:24,267199,Pembroke_CAMP_Test_BM30,PA-II-SD,7.02,43.13262,-71.4584,229,59,0,06-15-2025 04:50:02,18.9,19.4,0.5,3.0,1.6,0.8,67.0,Passed,19.15,71,0,71.0,0.0,0,0.0,RHZB,71,8.87,True
2025-06-15 04:50:06,06-15-2025 04:48:26,267193,Pembroke_CAMP_Test_BM26,PA-II-SD,7.02,43.13261,-71.45895,230,60,0,06-15-2025 04:50:02,20.1,18.3,1.8,9.0,1.0,0.8,22.0,Passed,19.2,69,0,69.0,1.0,0,1.0,RHZB,69,9.04,True
2025-06-15 04:50:06,06-15-2025 04:48:08,267195,Pembroke_CAMP_Test_BM28,PA-II-SD,7.02,43.132614,-71.45872,231,58,0,06-15-2025 04:50:02,18.6,18.4,0.2,1.0,0.5,1.0,67.0,Passed,18.5,71,0,71.0,0.0,0,0.0,RHZB,71,8.47,True
2025-06-15 04:50:06,06-15-2025 04:48:28,273601,Heavens Plateau,PA-II-ZEN,7.04,43.520084,-71.81902,960,59,59,06-15-2025 04:50:02,18.7,19.7,1.0,5.0,0.0,0.4,200.0,Passed,19.2,55,55,0.0,0.0,0.0,0.0,Passed,55.0,10.02,True
2025-06-15 04:50:06,06-15-2025 04:49:41,12208,KSC 11,PA-II,7.02,42.94131,-72.28043,507,67,0,06-15-2025 04:50:02,15.5,15.2,0.3,2.0,0.1,0.1,0.0,Passed,15.35,56,0,56.0,1.0,0,1.0,RHZB,56,7.6,True
2025-06-15 04:50:06,06-15-2025 04:49:23,153768,Pembroke_CAMP_Test_BM36,PA-II-SD,7.02,43.13242,-71.458534,229,59,0,06-15-2025 04:50:02,18.8,20.4,1.6,8.0,0.7,1.3,60.0,Passed,19.6,66,0,66.0,1.0,0,1.0,RHZB,66,9.5,True
2025-06-15 04:50:06,06-15-2025 04:48:22,115703,"Waterville Valley, NH",PA-II,7.02,43.953625,-71.50886,1493,53,0,06-15-2025 04:50:02,9.4,10.9,1.5,15.0,0.2,0.4,67.0,Passed,10.15,66,0,66.0,0.0,0,0.0,RHZB,66,3.73,True
2025-06-15 04:50:06,06-15-2025 04:48:56,137660,"Richmond Road, Troy",PA-II,7.02,42.819466,-72.20832,1272,60,0,06-15-2025 04:50:02,11.6,9.0,2.6,25.0,0.3,0.2,40.0,Passed,10.3,71,0,71.0,0.0,0,0.0,RHZB,71,3.47,True
2025-06-15 04:50:06,06-15-2025 04:48:52,143456,Junder22,PA-II,7.02,43.08963,-71.50244,619,58,0,06-15-2025 04:50:02,14.1,13.7,0.4,3.0,0.1,0.1,0.0,Passed,13.9,69,0,69.0,0.0,0,0.0,RHZB,69,5.81,True
2025-06-15 04:50:06,06-15-2025 04:48:16,153512,MHT5 Northest Manchester- Cutler Lane,PA-II-SD,7.02,43.01304,-71.41953,495,62,0,06-15-2025 04:50:02,9.4,8.7,0.7,8.0,0.2,0.3,40.0,Passed,9.05,64,0,64.0,0.0,0,0.0,RHZB,64,3.2,True
2025-06-15 04:50:06,06-15-2025 04:48:47,153734,Pembroke_CAMP_Test_BM33,PA-II-SD,7.02,43.132404,-71.458824,231,59,0,06-15-2025 04:50:02,19.8,20.3,0.5,2.0,0.8,1.0,22.0,Passed,20.05,71,0,71.0,0.0,0,0.0,RHZB,71,9.42,True
2025-06-15 04:50:06,06-15-2025 04:49:23,153750,Pembroke_CAMP_Test_BM32,PA-II-SD,7.02,43.132385,-71.458916,230,60,0,06-15-2025 04:50:02,18.9,19.2,0.3,2.0,0.8,0.8,0.0,Passed,19.05,65,0,65.0,0.0,0,0.0,RHZB,65,9.23,True
2025-06-15 04:50:06,06-05-2025 09:55:16,275390,Murphy Dam,PA-II-FLEX,7.02,45.050266,-71.38472,1333,89,89,06-15-2025 04:50:02,32.0,31.0,1.0,3.0,0.0,0.0,0,T,T,,37,37,0,0.0,0.0,Passed,,,True
2025-06-15 05:00:06,06-15-2025 04:59:50,154041,MHT2 Glosser/Parkside School2 Manchester,PA-II-SD,7.02,42.988956,-71.47882,190,60,0,06-15-2025 05:00:01,12.6,12.5,0.1,1.0,0.5,0.2,86.0,Passed,12.55,65,0,65.0,1.0,0,1.0,RHZB,65,5.27,True
2025-06-15 05:00:06,06-15-2025 04:59:06,154045,MHT3 Northwest School Manchester,PA-II-SD,7.02,42.999123,-71.48408,240,61,0,06-15-2025 05:00:01,16.7,16.1,0.6,4.0,0.2,0.1,67.0,Passed,16.4,64,0,64.0,0.0,0,0.0,RHZB,64,7.68,True
2025-06-15 05:00:06,06-15-2025 04:59:35,154425,MHT4 North End Manchester,PA-II-SD,7.02,43.023964,-71.46163,383,62,0,06-15-2025 05:00:01,13.9,12.5,1.4,11.0,0.3,0.3,0.0,Passed,13.2,65,0,65.0,0.0,0,0.0,RHZB,65,5.66,True
2025-06-15 05:00:06,06-15-2025 04:59:19,160753,KSC 42,PA-II,7.02,42.957714,-72.3163,521,63,0,06-15-2025 05:00:01,17.1,18.6,1.5,8.0,0.1,0.2,67.0,Passed,17.85,62,0,62.0,0.0,0,0.0,RHZB,62,8.71,True
2025-06-15 05:00:06,06-15-2025 04:59:02,175137,MHT9 Hanover Street,PA-II-FLEX,7.04,42.990227,-71.43767,357,65,65,06-15-2025 05:00:01,9.7,10.6,0.9,9.0,0.6,0.4,40.0,Passed,10.15,59,59,0.0,2.0,2.0,0.0,Passed,59.0,4.22,True
2025-06-15 05:00:06,06-15-2025 04:58:54,187097,Convergent,PA-II-FLEX,7.04,42.758415,-71.65097,605,68,68,06-15-2025 05:00:01,16.1,14.7,1.4,9.0,0.3,0.1,100.0,Passed,15.4,57,57,0.0,0.0,0.0,0.0,Passed,57.0,7.56,True
2025-06-15 05:00:06,06-15-2025 04:59:16,189581,New Hampton,PA-II-FLEX,7.04,43.6174,-71.6282,523,65,65,06-15-2025 05:00:01,23.0,31.5,8.5,31.0,1.0,1.5,40.0,Passed,27.25,51,51,0.0,1.0,1.0,0.0,Passed,51.0,15.21,True
2025-06-15 05:00:06,06-15-2025 04:58:53,200757,Sutton Mills,PA-II-ZEN,7.04,43.33507,-71.95151,750,66,66,06-15-2025 05:00:01,22.2,22.5,0.3,1.0,0.0,0.2,200.0,Passed,22.35,51,51,0.0,0.0,0.0,0.0,Passed,51.0,12.22,True
2025-06-15 05:00:06,06-15-2025 04:59:35,196631,We Share The Air,PA-II-FLEX,7.04,43.18085,-70.866714,140,63,63,06-15-2025 05:00:01,12.0,12.8,0.8,6.0,0.3,0.4,29.0,Passed,12.4,57,57,0.0,1.0,1.0,0.0,Passed,57.0,5.73,True
2025-06-15 05:00:06,06-15-2025 04:58:52,220415,Nashua 1,PA-II-ZEN,7.04,42.75815,-71.4652,151,66,66,06-15-2025 05:00:01,12.4,12.9,0.5,4.0,0.1,0.1,0.0,Passed,12.65,56,56,0.0,0.0,0.0,0.0,Passed,56.0,5.96,True
2025-06-15 05:00:06,06-15-2025 04:59:04,221421,Nashua 2,PA-II-ZEN,7.04,42.7496,-71.51419,198,68,68,06-15-2025 05:00:01,12.5,12.0,0.5,4.0,0.1,0.2,67.0,Passed,12.25,50,50,0.0,1.0,1.0,0.0,Passed,50.0,6.13,True
2025-06-15 05:00:06,06-15-2025 04:59:18,244091,Center Harbor Fire Station,PA-II-FLEX,7.04,43.708385,-71.46329,558,63,63,06-15-2025 05:00:01,22.9,21.5,1.4,6.0,0.4,0.3,29.0,Passed,22.2,58,58,0.0,0.0,0.0,0.0,Passed,58.0,11.64,True
2025-06-15 05:00:06,06-15-2025 04:58:26,251687,Pembroke_CAMP_Test_BM8,PA-II-SD,7.02,43.132607,-71.45935,213,60,0,06-15-2025 05:00:01,0.0,18.8,18.8,200.0,0.0,0.6,200.0,QQ,,70,0,70.0,1.0,0,1.0,RHZB,70,,True
2025-06-15 05:00:06,06-15-2025 04:59:19,154001,MHT7 Hayward Street,PA-II-SD,7.02,42.980053,-71.44131,297,63,0,06-15-2025 05:00:01,12.7,10.3,2.4,21.0,0.4,0.4,0.0,Passed,11.5,62,0,62.0,0.0,0,0.0,RHZB,62,4.83,True
2025-06-15 05:00:06,05-02-2025 12:16:47,194263,Pembroke_CAMP_40,PA-II-FLEX,7.04,43.13209,-71.46017,204,67,67,06-15-2025 05:00:01,11.8,11.9,0.1,1.0,0.0,0.0,0,T,T,,50,50,0,0.0,0.0,Passed,,,True
2025-06-15 05:00:06,06-15-2025 04:59:06,251685,Pembroke_CAMP_Test_BM7,PA-II-SD,7.02,43.13258,-71.4596,211,60,0,06-15-2025 05:00:01,19.4,16.6,2.8,16.0,0.2,0.4,67.0,Passed,18.0,67,0,67.0,0.0,0,0.0,RHZB,67,8.45,True
2025-06-15 05:00:06,06-15-2025 04:59:14,153987,MHT 6 UU Church,PA-II-SD,7.02,42.998104,-71.45816,250,62,0,06-15-2025 05:00:01,11.7,12.2,0.5,4.0,0.2,0.2,0.0,Passed,11.95,61,0,61.0,0.0,0,0.0,RHZB,61,5.18,True
2025-06-15 05:00:06,06-15-2025 04:58:08,153764,Pembroke_CAMP_Test_BM38,PA-II-SD,7.02,43.13242,-71.45837,231,60,0,06-15-2025 05:00:01,21.5,20.8,0.7,3.0,0.1,0.7,150.0,Passed,21.15,69,0,69.0,1.0,0,1.0,RHZB,69,10.23,True
2025-06-15 05:00:06,06-15-2025 04:59:23,153768,Pembroke_CAMP_Test_BM36,PA-II-SD,7.02,43.13242,-71.458534,229,59,0,06-15-2025 05:00:01,18.9,20.1,1.2,6.0,0.1,0.3,100.0,Passed,19.5,65,0,65.0,1.0,0,1.0,RHZB,65,9.5,True
2025-06-15 05:00:06,06-15-2025 04:59:17,1202,KSC 19,PA-II,6.06b,42.936554,-72.27102,488,66,0,06-15-2025 05:00:01,14.8,13.2,1.6,11.0,0.0,0.1,200.0,Passed,14.0,87,0,87.0,1.0,0,1.0,RHZB,87,4.61,True
2025-06-15 05:00:06,06-15-2025 04:58:48,267191,Pembroke_CAMP_Test_BM25,PA-II-SD,7.02,43.132614,-71.459175,220,60,0,06-15-2025 05:00:01,19.1,18.3,0.8,4.0,0.1,0.3,100.0,Passed,18.7,66,0,66.0,0.0,0,0.0,RHZB,66,8.95,True
2025-06-15 05:00:06,06-15-2025 04:59:24,267199,Pembroke_CAMP_Test_BM30,PA-II-SD,7.02,43.13262,-71.4584,229,59,0,06-15-2025 05:00:01,18.6,20.1,1.5,8.0,0.3,0.7,80.0,Passed,19.35,70,0,70.0,1.0,0,1.0,RHZB,70,9.06,True
2025-06-15 05:00:06,06-15-2025 04:58:08,267195,Pembroke_CAMP_Test_BM28,PA-II-SD,7.02,43.132614,-71.45872,231,59,0,06-15-2025 05:00:01,19.2,19.2,0.0,0.0,0.6,0.8,29.0,Passed,19.2,70,0,70.0,1.0,0,1.0,RHZB,70,8.97,True
2025-06-15 05:00:06,06-15-2025 04:58:27,273601,Heavens Plateau,PA-II-ZEN,7.04,43.520084,-71.81902,960,60,60,06-15-2025 05:00:01,19.0,19.7,0.7,4.0,0.3,0.0,200.0,Passed,19.35,55,55,0.0,0.0,0.0,0.0,Passed,55.0,10.11,True
2025-06-15 05:00:06,06-15-2025 04:59:41,12208,KSC 11,PA-II,7.02,42.94131,-72.28043,507,66,0,06-15-2025 05:00:01,15.4,15.3,0.1,1.0,0.1,0.1,0.0,Passed,15.35,55,0,55.0,1.0,0,1.0,RHZB,55,7.67,True
2025-06-15 05:00:06,06-15-2025 04:58:26,267193,Pembroke_CAMP_Test_BM26,PA-II-SD,7.02,43.13261,-71.45895,230,60,0,06-15-2025 05:00:01,20.4,18.4,2.0,10.0,0.3,0.1,100.0,Passed,19.4,68,0,68.0,1.0,0,1.0,RHZB,68,9.23,True
2025-06-15 05:00:06,06-15-2025 04:58:22,115703,"Waterville Valley, NH",PA-II,7.02,43.953625,-71.50886,1493,53,0,06-15-2025 05:00:01,9.3,11.0,1.7,17.0,0.1,0.1,0.0,Passed,10.15,67,0,67.0,1.0,0,1.0,RHZB,67,3.66,True
2025-06-15 05:00:06,06-15-2025 04:58:56,137660,"Richmond Road, Troy",PA-II,7.02,42.819466,-72.20832,1272,60,0,06-15-2025 05:00:01,11.3,9.0,2.3,23.0,0.3,0.0,200.0,Passed,10.15,72,0,72.0,1.0,0,1.0,RHZB,72,3.31,True
2025-06-15 05:00:06,06-15-2025 04:58:52,143456,Junder22,PA-II,7.02,43.08963,-71.50244,619,58,0,06-15-2025 05:00:01,14.0,14.0,0.0,0.0,0.1,0.3,100.0,Passed,14.0,70,0,70.0,1.0,0,1.0,RHZB,70,5.8,True
2025-06-15 05:00:06,06-15-2025 04:58:16,153512,MHT5 Northest Manchester- Cutler Lane,PA-II-SD,7.02,43.01304,-71.41953,495,61,0,06-15-2025 05:00:01,9.3,8.9,0.4,4.0,0.1,0.2,67.0,Passed,9.1,65,0,65.0,1.0,0,1.0,RHZB,65,3.16,True
2025-06-15 05:00:06,06-15-2025 04:58:47,153734,Pembroke_CAMP_Test_BM33,PA-II-SD,7.02,43.132404,-71.458824,231,59,0,06-15-2025 05:00:01,19.5,20.4,0.9,5.0,0.3,0.1,100.0,Passed,19.95,70,0,70.0,1.0,0,1.0,RHZB,70,9.43,True
2025-06-15 05:00:06,06-15-2025 04:59:23,153750,Pembroke_CAMP_Test_BM32,PA-II-SD,7.02,43.132385,-71.458916,230,60,0,06-15-2025 05:00:01,19.4,19.4,0.0,0.0,0.5,0.2,86.0,Passed,19.4,64,0,64.0,1.0,0,1.0,RHZB,64,9.51,True
2025-06-15 05:00:06,06-05-2025 09:55:16,275390,Murphy Dam,PA-II-FLEX,7.02,45.050266,-71.38472,1333,89,89,06-15-2025 05:00:01,32.0,31.0,1.0,3.0,0.0,0.0,0,T,T,,37,37,0,0.0,0.0,Passed,,,True
2025-06-15 05:10:05,06-15-2025 05:09:06,251685,Pembroke_CAMP_Test_BM7,PA-II-SD,7.02,43.13258,-71.4596,211,60,0,06-15-2025 05:10:01,19.0,16.4,2.6,15.0,0.4,0.2,67.0,Passed,17.7,66,0,66.0,1.0,0,1.0,RHZB,66,8.34,True
2025-06-15 05:10:05,06-15-2025 05:09:07,154045,MHT3 Northwest School Manchester,PA-II-SD,7.02,42.999123,-71.48408,240,61,0,06-15-2025 05:10:01,16.0,15.9,0.1,1.0,0.7,0.2,111.0,Passed,15.95,64,0,64.0,0.0,0,0.0,RHZB,64,7.41,True
2025-06-15 05:10:05,06-15-2025 05:09:35,154425,MHT4 North End Manchester,PA-II-SD,7.02,43.023964,-71.46163,383,62,0,06-15-2025 05:10:01,13.5,12.3,1.2,9.0,0.4,0.2,67.0,Passed,12.9,65,0,65.0,0.0,0,0.0,RHZB,65,5.48,True
2025-06-15 05:10:05,06-15-2025 05:09:19,160753,KSC 42,PA-II,7.02,42.957714,-72.3163,521,63,0,06-15-2025 05:10:01,17.0,18.8,1.8,10.0,0.1,0.2,67.0,Passed,17.9,62,0,62.0,0.0,0,0.0,RHZB,62,8.74,True
2025-06-15 05:10:05,06-15-2025 05:09:02,175137,MHT9 Hanover Street,PA-II-FLEX,7.04,42.990227,-71.43767,357,65,65,06-15-2025 05:10:01,9.6,10.2,0.6,6.0,0.1,0.4,120.0,Passed,9.9,59,59,0.0,0.0,0.0,0.0,Passed,59.0,4.07,True
2025-06-15 05:10:05,06-15-2025 05:08:54,187097,Convergent,PA-II-FLEX,7.04,42.758415,-71.65097,605,67,67,06-15-2025 05:10:01,16.4,14.7,1.7,11.0,0.3,0.0,200.0,Passed,15.55,57,57,0.0,0.0,0.0,0.0,Passed,57.0,7.66,True
2025-06-15 05:10:05,06-15-2025 05:09:15,189581,New Hampton,PA-II-FLEX,7.04,43.6174,-71.6282,523,65,65,06-15-2025 05:10:01,23.7,32.2,8.5,30.0,0.7,0.7,0.0,Passed,27.95,51,51,0.0,0.0,0.0,0.0,Passed,51.0,15.64,True
2025-06-15 05:10:05,06-15-2025 05:07:50,154041,MHT2 Glosser/Parkside School2 Manchester,PA-II-SD,7.02,42.988956,-71.47882,190,61,0,06-15-2025 05:10:01,12.9,12.5,0.4,3.0,0.3,0.0,200.0,Passed,12.7,65,0,65.0,0.0,0,0.0,RHZB,65,5.36,True
2025-06-15 05:10:05,06-15-2025 05:09:35,196631,We Share The Air,PA-II-FLEX,7.04,43.18085,-70.866714,140,63,63,06-15-2025 05:10:01,11.8,12.4,0.6,5.0,0.2,0.4,67.0,Passed,12.1,58,58,0.0,1.0,1.0,0.0,Passed,58.0,5.48,True
2025-06-15 05:10:05,06-15-2025 05:08:54,200757,Sutton Mills,PA-II-ZEN,7.04,43.33507,-71.95151,750,67,67,06-15-2025 05:10:01,22.5,22.6,0.1,0.0,0.3,0.1,100.0,Passed,22.55,52,52,0.0,1.0,1.0,0.0,Passed,52.0,12.28,True
2025-06-15 05:10:05,06-15-2025 05:08:52,220415,Nashua 1,PA-II-ZEN,7.04,42.75815,-71.4652,151,66,66,06-15-2025 05:10:01,12.4,13.0,0.6,5.0,0.0,0.1,200.0,Passed,12.7,56,56,0.0,0.0,0.0,0.0,Passed,56.0,5.99,True
2025-06-15 05:10:05,06-15-2025 05:09:04,221421,Nashua 2,PA-II-ZEN,7.04,42.7496,-71.51419,198,68,68,06-15-2025 05:10:01,12.7,12.1,0.6,5.0,0.2,0.1,67.0,Passed,12.4,51,51,0.0,1.0,1.0,0.0,Passed,51.0,6.15,True
2025-06-15 05:10:05,06-15-2025 05:09:18,244091,Center Harbor Fire Station,PA-II-FLEX,7.04,43.708385,-71.46329,558,63,63,06-15-2025 05:10:01,22.7,21.2,1.5,7.0,0.2,0.3,40.0,Passed,21.95,59,59,0.0,1.0,1.0,0.0,Passed,59.0,11.42,True
2025-06-15 05:10:05,06-15-2025 05:08:26,251687,Pembroke_CAMP_Test_BM8,PA-II-SD,7.02,43.132607,-71.45935,213,60,0,06-15-2025 05:10:01,0.0,18.2,18.2,200.0,0.0,0.6,200.0,QQ,,69,0,69.0,1.0,0,1.0,RHZB,69,,True
2025-06-15 05:10:05,05-02-2025 12:16:47,194263,Pembroke_CAMP_40,PA-II-FLEX,7.04,43.13209,-71.46017,204,67,67,06-15-2025 05:10:01,11.8,11.9,0.1,1.0,0.0,0.0,0,T,T,,50,50,0,0.0,0.0,Passed,,,True
2025-06-15 05:10:05,06-15-2025 05:09:19,154001,MHT7 Hayward Street,PA-II-SD,7.02,42.980053,-71.44131,297,63,0,06-15-2025 05:10:01,12.2,10.1,2.1,19.0,0.5,0.2,86.0,Passed,11.15,63,0,63.0,1.0,0,1.0,RHZB,63,4.55,True
2025-06-15 05:10:05,06-15-2025 05:08:22,115703,"Waterville Valley, NH",PA-II,7.02,43.953625,-71.50886,1493,53,0,06-15-2025 05:10:01,9.6,11.0,1.4,14.0,0.3,0.0,200.0,Passed,10.3,66,0,66.0,1.0,0,1.0,RHZB,66,3.82,True
2025-06-15 05:10:05,06-15-2025 05:09:23,153768,Pembroke_CAMP_Test_BM36,PA-II-SD,7.02,43.13242,-71.458534,229,60,0,06-15-2025 05:10:01,18.4,19.9,1.5,8.0,0.5,0.2,86.0,Passed,19.15,66,0,66.0,1.0,0,1.0,RHZB,66,9.22,True
2025-06-15 05:10:05,06-15-2025 05:09:18,1202,KSC 19,PA-II,6.06b,42.936554,-72.27102,488,66,0,06-15-2025 05:10:01,15.0,13.4,1.6,11.0,0.2,0.2,0.0,Passed,14.2,86,0,86.0,1.0,0,1.0,RHZB,86,4.8,True
2025-06-15 05:10:05,06-15-2025 05:08:48,267191,Pembroke_CAMP_Test_BM25,PA-II-SD,7.02,43.132614,-71.459175,220,60,0,06-15-2025 05:10:01,19.3,18.5,0.8,4.0,0.2,0.2,0.0,Passed,18.9,65,0,65.0,1.0,0,1.0,RHZB,65,9.14,True
2025-06-15 05:10:05,06-15-2025 05:09:24,267199,Pembroke_CAMP_Test_BM30,PA-II-SD,7.02,43.13262,-71.4584,229,59,0,06-15-2025 05:10:01,18.9,19.7,0.8,4.0,0.3,0.4,29.0,Passed,19.3,70,0,70.0,0.0,0,0.0,RHZB,70,9.03,True
2025-06-15 05:10:05,06-15-2025 05:08:26,267193,Pembroke_CAMP_Test_BM26,PA-II-SD,7.02,43.13261,-71.45895,230,60,0,06-15-2025 05:10:01,20.1,18.4,1.7,9.0,0.3,0.0,200.0,Passed,19.25,67,0,67.0,1.0,0,1.0,RHZB,67,9.21,True
2025-06-15 05:10:05,06-15-2025 05:08:08,267195,Pembroke_CAMP_Test_BM28,PA-II-SD,7.02,43.132614,-71.45872,231,58,0,06-15-2025 05:10:01,19.1,18.7,0.4,2.0,0.1,0.5,133.0,Passed,18.9,70,0,70.0,0.0,0,0.0,RHZB,70,8.79,True
2025-06-15 05:10:05,06-15-2025 05:08:28,273601,Heavens Plateau,PA-II-ZEN,7.04,43.520084,-71.81902,960,60,60,06-15-2025 05:10:01,19.2,19.7,0.5,3.0,0.2,0.0,200.0,Passed,19.45,55,55,0.0,0.0,0.0,0.0,Passed,55.0,10.17,True
2025-06-15 05:10:05,06-15-2025 05:09:41,12208,KSC 11,PA-II,7.02,42.94131,-72.28043,507,66,0,06-15-2025 05:10:01,15.6,15.5,0.1,1.0,0.2,0.2,0.0,Passed,15.55,56,0,56.0,1.0,0,1.0,RHZB,56,7.73,True
2025-06-15 05:10:05,06-15-2025 05:09:14,153987,MHT 6 UU Church,PA-II-SD,7.02,42.998104,-71.45816,250,62,0,06-15-2025 05:10:01,11.7,12.1,0.4,3.0,0.0,0.1,200.0,Passed,11.9,62,0,62.0,1.0,0,1.0,RHZB,62,5.08,True
2025-06-15 05:10:05,06-15-2025 05:08:56,137660,"Richmond Road, Troy",PA-II,7.02,42.819466,-72.20832,1272,60,0,06-15-2025 05:10:01,11.6,8.8,2.8,27.0,0.3,0.2,40.0,Passed,10.2,71,0,71.0,1.0,0,1.0,RHZB,71,3.41,True
2025-06-15 05:10:05,06-15-2025 05:08:52,143456,Junder22,PA-II,7.02,43.08963,-71.50244,619,58,0,06-15-2025 05:10:01,14.2,14.1,0.1,1.0,0.2,0.1,67.0,Passed,14.15,69,0,69.0,1.0,0,1.0,RHZB,69,5.96,True
2025-06-15 05:10:05,06-15-2025 05:08:16,153512,MHT5 Northest Manchester- Cutler Lane,PA-II-SD,7.02,43.01304,-71.41953,495,62,0,06-15-2025 05:10:01,9.3,8.9,0.4,4.0,0.0,0.0,0,Passed,9.1,64,0,64.0,1.0,0,1.0,RHZB,64,3.23,True
2025-06-15 05:10:05,06-15-2025 05:08:47,153734,Pembroke_CAMP_Test_BM33,PA-II-SD,7.02,43.132404,-71.458824,231,59,0,06-15-2025 05:10:01,19.4,20.2,0.8,4.0,0.1,0.2,67.0,Passed,19.8,69,0,69.0,1.0,0,1.0,RHZB,69,9.41,True
2025-06-15 05:10:05,06-15-2025 05:09:23,153750,Pembroke_CAMP_Test_BM32,PA-II-SD,7.02,43.132385,-71.458916,230,60,0,06-15-2025 05:10:01,19.2,19.1,0.1,1.0,0.2,0.3,40.0,Passed,19.15,64,0,64.0,0.0,0,0.0,RHZB,64,9.36,True
2025-06-15 05:10:05,06-15-2025 05:08:08,153764,Pembroke_CAMP_Test_BM38,PA-II-SD,7.02,43.13242,-71.45837,231,58,0,06-15-2025 05:10:01,21.6,20.7,0.9,4.0,0.1,0.1,0.0,Passed,21.15,69,0,69.0,0.0,0,0.0,RHZB,69,10.23,True
2025-06-15 05:10:05,06-05-2025 09:55:16,275390,Murphy Dam,PA-II-FLEX,7.02,45.050266,-71.38472,1333,89,89,06-15-2025 05:10:01,32.0,31.0,1.0,3.0,0.0,0.0,0,T,T,,37,37,0,0.0,0.0,Passed,,,True
2025-06-15 05:20:06,06-15-2025 05:19:07,154045,MHT3 Northwest School Manchester,PA-II-SD,7.02,42.999123,-71.48408,240,60,0,06-15-2025 05:20:01,15.3,14.8,0.5,3.0,0.7,1.1,44.0,Passed,15.05,64,0,64.0,0.0,0,0.0,RHZB,64,6.86,True
2025-06-15 05:20:06,06-15-2025 05:19:35,154425,MHT4 North End Manchester,PA-II-SD,7.02,43.023964,-71.46163,383,62,0,06-15-2025 05:20:01,13.5,12.3,1.2,9.0,0.0,0.0,0,Passed,12.9,65,0,65.0,0.0,0,0.0,RHZB,65,5.48,True
2025-06-15 05:20:06,06-15-2025 05:19:19,160753,KSC 42,PA-II,7.02,42.957714,-72.3163,521,63,0,06-15-2025 05:20:01,17.0,18.7,1.7,10.0,0.0,0.1,200.0,Passed,17.85,62,0,62.0,0.0,0,0.0,RHZB,62,8.71,True
2025-06-15 05:20:06,06-15-2025 05:19:02,175137,MHT9 Hanover Street,PA-II-FLEX,7.04,42.990227,-71.43767,357,66,66,06-15-2025 05:20:01,9.5,9.8,0.3,3.0,0.1,0.4,120.0,Passed,9.65,58,58,0.0,1.0,1.0,0.0,Passed,58.0,3.99,True
2025-06-15 05:20:06,06-15-2025 05:18:54,187097,Convergent,PA-II-FLEX,7.04,42.758415,-71.65097,605,67,67,06-15-2025 05:20:01,16.3,15.0,1.3,8.0,0.1,0.3,100.0,Passed,15.65,57,57,0.0,0.0,0.0,0.0,Passed,57.0,7.72,True
2025-06-15 05:20:06,06-15-2025 05:19:15,189581,New Hampton,PA-II-FLEX,7.04,43.6174,-71.6282,523,65,65,06-15-2025 05:20:01,24.4,33.6,9.2,32.0,0.7,1.4,67.0,Passed,29.0,51,51,0.0,0.0,0.0,0.0,Passed,51.0,16.28,True
2025-06-15 05:20:06,05-02-2025 12:16:47,194263,Pembroke_CAMP_40,PA-II-FLEX,7.04,43.13209,-71.46017,204,67,67,06-15-2025 05:20:01,11.8,11.9,0.1,1.0,0.0,0.0,0,T,T,,50,50,0,0.0,0.0,Passed,,,True
2025-06-15 05:20:06,06-15-2025 05:18:53,220415,Nashua 1,PA-II-ZEN,7.04,42.75815,-71.4652,151,65,65,06-15-2025 05:20:01,12.0,12.5,0.5,4.0,0.4,0.5,22.0,Passed,12.25,57,57,0.0,1.0,1.0,0.0,Passed,57.0,5.64,True
2025-06-15 05:20:06,06-15-2025 05:18:54,200757,Sutton Mills,PA-II-ZEN,7.04,43.33507,-71.95151,750,66,66,06-15-2025 05:20:01,22.5,22.7,0.2,1.0,0.0,0.1,200.0,Passed,22.6,52,52,0.0,0.0,0.0,0.0,Passed,52.0,12.31,True
2025-06-15 05:20:06,06-15-2025 05:19:04,221421,Nashua 2,PA-II-ZEN,7.04,42.7496,-71.51419,198,67,67,06-15-2025 05:20:01,12.9,12.1,0.8,6.0,0.2,0.0,200.0,Passed,12.5,53,53,0.0,2.0,2.0,0.0,Passed,53.0,6.07,True
2025-06-15 05:20:06,06-15-2025 05:19:18,244091,Center Harbor Fire Station,PA-II-FLEX,7.04,43.708385,-71.46329,558,64,64,06-15-2025 05:20:01,23.3,21.4,1.9,9.0,0.6,0.2,100.0,Passed,22.35,58,58,0.0,1.0,1.0,0.0,Passed,58.0,11.73,True
2025-06-15 05:20:06,06-15-2025 05:18:27,251687,Pembroke_CAMP_Test_BM8,PA-II-SD,7.02,43.132607,-71.45935,213,59,0,06-15-2025 05:20:01,0.0,18.8,18.8,200.0,0.0,0.6,200.0,QQ,,70,0,70.0,1.0,0,1.0,RHZB,70,,True
2025-06-15 05:20:06,06-15-2025 05:19:06,251685,Pembroke_CAMP_Test_BM7,PA-II-SD,7.02,43.13258,-71.4596,211,60,0,06-15-2025 05:20:01,18.5,16.3,2.2,13.0,0.5,0.1,133.0,Passed,17.4,67,0,67.0,1.0,0,1.0,RHZB,67,8.08,True
2025-06-15 05:20:06,06-15-2025 05:17:50,154041,MHT2 Glosser/Parkside School2 Manchester,PA-II-SD,7.02,42.988956,-71.47882,190,61,0,06-15-2025 05:20:01,12.4,12.3,0.1,1.0,0.5,0.2,86.0,Passed,12.35,65,0,65.0,0.0,0,0.0,RHZB,65,5.14,True
2025-06-15 05:20:06,06-15-2025 05:19:35,196631,We Share The Air,PA-II-FLEX,7.04,43.18085,-70.866714,140,62,62,06-15-2025 05:20:01,11.8,12.5,0.7,6.0,0.0,0.1,200.0,Passed,12.15,58,58,0.0,0.0,0.0,0.0,Passed,58.0,5.51,True
2025-06-15 05:20:06,06-15-2025 05:19:19,154001,MHT7 Hayward Street,PA-II-SD,7.02,42.980053,-71.44131,297,63,0,06-15-2025 05:20:01,11.7,9.9,1.8,17.0,0.5,0.2,86.0,Passed,10.8,63,0,63.0,0.0,0,0.0,RHZB,63,4.34,True
2025-06-15 05:20:06,06-15-2025 05:19:14,153987,MHT 6 UU Church,PA-II-SD,7.02,42.998104,-71.45816,250,62,0,06-15-2025 05:20:01,12.0,12.3,0.3,2.0,0.3,0.2,40.0,Passed,12.15,62,0,62.0,0.0,0,0.0,RHZB,62,5.23,True
2025-06-15 05:20:06,06-15-2025 05:19:23,153768,Pembroke_CAMP_Test_BM36,PA-II-SD,7.02,43.13242,-71.458534,229,59,0,06-15-2025 05:20:01,18.3,19.7,1.4,7.0,0.1,0.2,67.0,Passed,19.0,66,0,66.0,0.0,0,0.0,RHZB,66,9.13,True
2025-06-15 05:20:06,06-15-2025 05:18:48,267191,Pembroke_CAMP_Test_BM25,PA-II-SD,7.02,43.132614,-71.459175,220,59,0,06-15-2025 05:20:01,19.2,18.0,1.2,6.0,0.1,0.5,133.0,Passed,18.6,66,0,66.0,1.0,0,1.0,RHZB,66,8.89,True
2025-06-15 05:20:06,06-15-2025 05:19:24,267199,Pembroke_CAMP_Test_BM30,PA-II-SD,7.02,43.13262,-71.4584,229,59,0,06-15-2025 05:20:01,18.3,19.4,1.1,6.0,0.6,0.3,67.0,Passed,18.85,70,0,70.0,0.0,0,0.0,RHZB,70,8.76,True
2025-06-15 05:20:06,06-15-2025 05:18:26,267193,Pembroke_CAMP_Test_BM26,PA-II-SD,7.02,43.13261,-71.45895,230,60,0,06-15-2025 05:20:01,19.9,18.0,1.9,10.0,0.2,0.4,67.0,Passed,18.95,67,0,67.0,0.0,0,0.0,RHZB,67,9.03,True
2025-06-15 05:20:06,06-15-2025 05:18:08,267195,Pembroke_CAMP_Test_BM28,PA-II-SD,7.02,43.132614,-71.45872,231,58,0,06-15-2025 05:20:01,18.7,18.3,0.4,2.0,0.4,0.4,0.0,Passed,18.5,70,0,70.0,0.0,0,0.0,RHZB,70,8.54,True
2025-06-15 05:20:06,06-15-2025 05:18:28,273601,Heavens Plateau,PA-II-ZEN,7.04,43.520084,-71.81902,960,60,60,06-15-2025 05:20:01,19.3,20.3,1.0,5.0,0.1,0.6,143.0,Passed,19.8,56,56,0.0,1.0,1.0,0.0,Passed,56.0,10.32,True
2025-06-15 05:20:06,06-15-2025 05:19:41,12208,KSC 11,PA-II,7.02,42.94131,-72.28043,507,66,0,06-15-2025 05:20:01,15.3,15.7,0.4,3.0,0.3,0.2,40.0,Passed,15.5,55,0,55.0,1.0,0,1.0,RHZB,55,7.76,True
2025-06-15 05:20:06,06-05-2025 09:55:16,275390,Murphy Dam,PA-II-FLEX,7.02,45.050266,-71.38472,1333,89,89,06-15-2025 05:20:01,32.0,31.0,1.0,3.0,0.0,0.0,0,T,T,,37,37,0,0.0,0.0,Passed,,,True
2025-06-15 05:20:06,06-15-2025 05:19:18,1202,KSC 19,PA-II,6.06b,42.936554,-72.27102,488,66,0,06-15-2025 05:20:01,15.2,13.4,1.8,13.0,0.2,0.0,200.0,Passed,14.3,87,0,87.0,1.0,0,1.0,RHZB,87,4.79,True
2025-06-15 05:20:06,06-15-2025 05:18:56,137660,"Richmond Road, Troy",PA-II,7.02,42.819466,-72.20832,1272,60,0,06-15-2025 05:20:01,11.8,8.6,3.2,31.0,0.2,0.2,0.0,Passed,10.2,71,0,71.0,0.0,0,0.0,RHZB,71,3.41,True
2025-06-15 05:20:06,06-15-2025 05:18:52,143456,Junder22,PA-II,7.02,43.08963,-71.50244,619,58,0,06-15-2025 05:20:01,14.5,14.3,0.2,1.0,0.3,0.2,40.0,Passed,14.4,70,0,70.0,1.0,0,1.0,RHZB,70,6.04,True
2025-06-15 05:20:06,06-15-2025 05:18:16,153512,MHT5 Northest Manchester- Cutler Lane,PA-II-SD,7.02,43.01304,-71.41953,495,62,0,06-15-2025 05:20:01,9.3,9.0,0.3,3.0,0.0,0.1,200.0,Passed,9.15,65,0,65.0,1.0,0,1.0,RHZB,65,3.19,True
2025-06-15 05:20:06,06-15-2025 05:16:47,153734,Pembroke_CAMP_Test_BM33,PA-II-SD,7.02,43.132404,-71.458824,231,59,0,06-15-2025 05:20:01,19.1,20.0,0.9,5.0,0.3,0.2,40.0,Passed,19.55,69,0,69.0,0.0,0,0.0,RHZB,69,9.26,True
2025-06-15 05:20:06,06-15-2025 05:19:23,153750,Pembroke_CAMP_Test_BM32,PA-II-SD,7.02,43.132385,-71.458916,230,60,0,06-15-2025 05:20:01,18.8,18.7,0.1,1.0,0.4,0.4,0.0,Passed,18.75,64,0,64.0,0.0,0,0.0,RHZB,64,9.12,True
2025-06-15 05:20:06,06-15-2025 05:18:08,153764,Pembroke_CAMP_Test_BM38,PA-II-SD,7.02,43.13242,-71.45837,231,59,0,06-15-2025 05:20:01,21.8,20.1,1.7,8.0,0.2,0.6,100.0,Passed,20.95,69,0,69.0,0.0,0,0.0,RHZB,69,10.11,True
2025-06-15 05:20:06,06-15-2025 05:18:23,115703,"Waterville Valley, NH",PA-II,7.02,43.953625,-71.50886,1493,54,0,06-15-2025 05:20:01,9.8,11.2,1.4,13.0,0.2,0.2,0.0,Passed,10.5,66,0,66.0,0.0,0,0.0,RHZB,66,3.95,True
2025-06-15 05:30:06,06-15-2025 05:29:50,154041,MHT2 Glosser/Parkside School2 Manchester,PA-II-SD,7.02,42.988956,-71.47882,190,61,0,06-15-2025 05:30:01,12.1,12.2,0.1,1.0,0.3,0.1,100.0,Passed,12.15,65,0,65.0,0.0,0,0.0,RHZB,65,5.02,True
2025-06-15 05:30:06,06-15-2025 05:29:06,154045,MHT3 Northwest School Manchester,PA-II-SD,7.02,42.999123,-71.48408,240,60,0,06-15-2025 05:30:01,14.6,14.4,0.2,1.0,0.7,0.4,55.0,Passed,14.5,64,0,64.0,0.0,0,0.0,RHZB,64,6.53,True
2025-06-15 05:30:06,06-15-2025 05:29:35,154425,MHT4 North End Manchester,PA-II-SD,7.02,43.023964,-71.46163,383,62,0,06-15-2025 05:30:01,13.9,13.0,0.9,7.0,0.4,0.7,55.0,Passed,13.45,65,0,65.0,0.0,0,0.0,RHZB,65,5.81,True
2025-06-15 05:30:06,06-15-2025 05:29:19,160753,KSC 42,PA-II,7.02,42.957714,-72.3163,521,63,0,06-15-2025 05:30:01,17.0,18.6,1.6,9.0,0.0,0.1,200.0,Passed,17.8,61,0,61.0,1.0,0,1.0,RHZB,61,8.75,True
2025-06-15 05:30:06,06-15-2025 05:29:02,175137,MHT9 Hanover Street,PA-II-FLEX,7.04,42.990227,-71.43767,357,65,65,06-15-2025 05:30:01,9.5,9.9,0.4,4.0,0.0,0.1,200.0,Passed,9.7,59,59,0.0,1.0,1.0,0.0,Passed,59.0,3.95,True
2025-06-15 05:30:06,06-15-2025 05:28:54,187097,Convergent,PA-II-FLEX,7.04,42.758415,-71.65097,605,67,67,06-15-2025 05:30:01,16.4,14.8,1.6,10.0,0.1,0.2,67.0,Passed,15.6,58,58,0.0,1.0,1.0,0.0,Passed,58.0,7.62,True
2025-06-15 05:30:06,06-15-2025 05:29:07,251685,Pembroke_CAMP_Test_BM7,PA-II-SD,7.02,43.13258,-71.4596,211,60,0,06-15-2025 05:30:01,18.0,16.2,1.8,11.0,0.5,0.1,133.0,Passed,17.1,67,0,67.0,0.0,0,0.0,RHZB,67,7.9,True
2025-06-15 05:30:06,06-15-2025 05:28:54,200757,Sutton Mills,PA-II-ZEN,7.04,43.33507,-71.95151,750,66,66,06-15-2025 05:30:01,22.6,22.9,0.3,1.0,0.1,0.2,67.0,Passed,22.75,51,51,0.0,1.0,1.0,0.0,Passed,51.0,12.47,True
2025-06-15 05:30:06,06-15-2025 05:29:35,196631,We Share The Air,PA-II-FLEX,7.04,43.18085,-70.866714,140,63,63,06-15-2025 05:30:01,11.8,12.5,0.7,6.0,0.0,0.0,0,Passed,12.15,58,58,0.0,0.0,0.0,0.0,Passed,58.0,5.51,True
2025-06-15 05:30:06,06-15-2025 05:28:53,220415,Nashua 1,PA-II-ZEN,7.04,42.75815,-71.4652,151,65,65,06-15-2025 05:30:01,12.1,12.2,0.1,1.0,0.1,0.3,100.0,Passed,12.15,57,57,0.0,0.0,0.0,0.0,Passed,57.0,5.58,True
2025-06-15 05:30:06,06-15-2025 05:29:04,221421,Nashua 2,PA-II-ZEN,7.04,42.7496,-71.51419,198,68,68,06-15-2025 05:30:01,12.7,11.9,0.8,7.0,0.2,0.2,0.0,Passed,12.3,51,51,0.0,2.0,2.0,0.0,Passed,51.0,6.09,True
2025-06-15 05:30:06,06-15-2025 05:29:18,244091,Center Harbor Fire Station,PA-II-FLEX,7.04,43.708385,-71.46329,558,64,64,06-15-2025 05:30:01,23.6,22.0,1.6,7.0,0.3,0.6,67.0,Passed,22.8,59,59,0.0,1.0,1.0,0.0,Passed,59.0,11.94,True
2025-06-15 05:30:06,06-15-2025 05:28:27,251687,Pembroke_CAMP_Test_BM8,PA-II-SD,7.02,43.132607,-71.45935,213,59,0,06-15-2025 05:30:01,0.0,18.6,18.6,200.0,0.0,0.2,200.0,QQ,,70,0,70.0,0.0,0,0.0,RHZB,70,,True
2025-06-15 05:30:06,06-15-2025 05:29:19,154001,MHT7 Hayward Street,PA-II-SD,7.02,42.980053,-71.44131,297,63,0,06-15-2025 05:30:01,11.8,9.7,2.1,20.0,0.1,0.2,67.0,Passed,10.75,62,0,62.0,1.0,0,1.0,RHZB,62,4.38,True
2025-06-15 05:30:06,05-02-2025 12:16:47,194263,Pembroke_CAMP_40,PA-II-FLEX,7.04,43.13209,-71.46017,204,67,67,06-15-2025 05:30:01,11.8,11.9,0.1,1.0,0.0,0.0,0,T,T,,50,50,0,0.0,0.0,Passed,,,True
2025-06-15 05:30:06,06-15-2025 05:29:15,153987,MHT 6 UU Church,PA-II-SD,7.02,42.998104,-71.45816,250,62,0,06-15-2025 05:30:01,11.9,12.3,0.4,3.0,0.1,0.0,200.0,Passed,12.1,62,0,62.0,0.0,0,0.0,RHZB,62,5.2,True
2025-06-15 05:30:06,06-15-2025 05:29:16,189581,New Hampton,PA-II-FLEX,7.04,43.6174,-71.6282,523,65,65,06-15-2025 05:30:01,25.5,35.0,9.5,31.0,1.1,1.4,24.0,Passed,30.25,51,51,0.0,0.0,0.0,0.0,Passed,51.0,17.04,True
2025-06-15 05:30:06,06-15-2025 05:28:08,153764,Pembroke_CAMP_Test_BM38,PA-II-SD,7.02,43.13242,-71.45837,231,59,0,06-15-2025 05:30:01,21.2,19.4,1.8,9.0,0.6,0.7,15.0,Passed,20.3,69,0,69.0,0.0,0,0.0,RHZB,69,9.71,True
2025-06-15 05:30:06,06-15-2025 05:29:18,1202,KSC 19,PA-II,6.06b,42.936554,-72.27102,488,66,0,06-15-2025 05:30:01,15.2,13.2,2.0,14.0,0.0,0.2,200.0,Passed,14.2,87,0,87.0,0.0,0,0.0,RHZB,87,4.73,True
2025-06-15 05:30:06,06-15-2025 05:28:49,267191,Pembroke_CAMP_Test_BM25,PA-II-SD,7.02,43.132614,-71.459175,220,60,0,06-15-2025 05:30:01,18.6,17.8,0.8,4.0,0.6,0.2,100.0,Passed,18.2,65,0,65.0,1.0,0,1.0,RHZB,65,8.71,True
2025-06-15 05:30:06,06-15-2025 05:29:24,267199,Pembroke_CAMP_Test_BM30,PA-II-SD,7.02,43.13262,-71.4584,229,59,0,06-15-2025 05:30:01,17.6,18.7,1.1,6.0,0.7,0.7,0.0,Passed,18.15,70,0,70.0,0.0,0,0.0,RHZB,70,8.33,True
2025-06-15 05:30:06,06-15-2025 05:28:26,267193,Pembroke_CAMP_Test_BM26,PA-II-SD,7.02,43.13261,-71.45895,230,60,0,06-15-2025 05:30:01,19.5,17.9,1.6,9.0,0.4,0.1,120.0,Passed,18.7,67,0,67.0,0.0,0,0.0,RHZB,67,8.88,True
2025-06-15 05:30:06,06-15-2025 05:28:27,273601,Heavens Plateau,PA-II-ZEN,7.04,43.520084,-71.81902,960,61,61,06-15-2025 05:30:01,18.7,19.9,1.2,6.0,0.6,0.4,40.0,Passed,19.3,56,56,0.0,0.0,0.0,0.0,Passed,56.0,10.01,True
2025-06-15 05:30:06,06-15-2025 05:29:41,12208,KSC 11,PA-II,7.02,42.94131,-72.28043,507,66,0,06-15-2025 05:30:01,15.2,15.5,0.3,2.0,0.1,0.2,67.0,Passed,15.35,54,0,54.0,1.0,0,1.0,RHZB,54,7.74,True
2025-06-15 05:30:06,06-15-2025 05:28:08,267195,Pembroke_CAMP_Test_BM28,PA-II-SD,7.02,43.132614,-71.45872,231,58,0,06-15-2025 05:30:01,18.2,18.1,0.1,1.0,0.5,0.2,86.0,Passed,18.15,70,0,70.0,0.0,0,0.0,RHZB,70,8.33,True
2025-06-15 05:30:06,06-15-2025 05:28:23,115703,"Waterville Valley, NH",PA-II,7.02,43.953625,-71.50886,1493,54,0,06-15-2025 05:30:01,10.2,11.5,1.3,12.0,0.4,0.3,29.0,Passed,10.85,66,0,66.0,0.0,0,0.0,RHZB,66,4.16,True
2025-06-15 05:30:06,06-15-2025 05:28:56,137660,"Richmond Road, Troy",PA-II,7.02,42.819466,-72.20832,1272,60,0,06-15-2025 05:30:01,11.7,8.4,3.3,33.0,0.1,0.2,67.0,Passed,10.05,71,0,71.0,0.0,0,0.0,RHZB,71,3.32,True
2025-06-15 05:30:06,06-15-2025 05:26:52,143456,Junder22,PA-II,7.02,43.08963,-71.50244,619,58,0,06-15-2025 05:30:01,14.6,14.3,0.3,2.0,0.1,0.0,200.0,Passed,14.45,70,0,70.0,0.0,0,0.0,RHZB,70,6.07,True
2025-06-15 05:30:06,06-15-2025 05:28:16,153512,MHT5 Northest Manchester- Cutler Lane,PA-II-SD,7.02,43.01304,-71.41953,495,61,0,06-15-2025 05:30:01,9.8,9.3,0.5,5.0,0.5,0.3,50.0,Passed,9.55,65,0,65.0,0.0,0,0.0,RHZB,65,3.44,True
2025-06-15 05:30:06,06-15-2025 05:28:48,153734,Pembroke_CAMP_Test_BM33,PA-II-SD,7.02,43.132404,-71.458824,231,59,0,06-15-2025 05:30:01,18.5,19.5,1.0,5.0,0.6,0.5,18.0,Passed,19.0,69,0,69.0,0.0,0,0.0,RHZB,69,8.92,True
2025-06-15 05:30:06,06-15-2025 05:29:23,153750,Pembroke_CAMP_Test_BM32,PA-II-SD,7.02,43.132385,-71.458916,230,60,0,06-15-2025 05:30:01,18.1,18.5,0.4,2.0,0.7,0.2,111.0,Passed,18.3,64,0,64.0,0.0,0,0.0,RHZB,64,8.84,True
2025-06-15 05:30:06,06-05-2025 09:55:16,275390,Murphy Dam,PA-II-FLEX,7.02,45.050266,-71.38472,1333,89,89,06-15-2025 05:30:01,32.0,31.0,1.0,3.0,0.0,0.0,0,T,T,,37,37,0,0.0,0.0,Passed,,,True
2025-06-15 05:30:06,06-15-2025 05:29:23,153768,Pembroke_CAMP_Test_BM36,PA-II-SD,7.02,43.13242,-71.458534,229,59,0,06-15-2025 05:30:01,17.7,19.5,1.8,10.0,0.6,0.2,100.0,Passed,18.6,65,0,65.0,1.0,0,1.0,RHZB,65,8.96,True
2025-06-15 05:40:05,06-15-2025 05:38:54,187097,Convergent,PA-II-FLEX,7.04,42.758415,-71.65097,605,67,67,06-15-2025 05:40:01,16.2,14.6,1.6,10.0,0.2,0.2,0.0,Passed,15.4,57,57,0.0,1.0,1.0,0.0,Passed,57.0,7.56,True
2025-06-15 05:40:05,06-15-2025 05:37:50,154041,MHT2 Glosser/Parkside School2 Manchester,PA-II-SD,7.02,42.988956,-71.47882,190,60,0,06-15-2025 05:40:01,11.5,11.8,0.3,3.0,0.6,0.4,40.0,Passed,11.65,65,0,65.0,0.0,0,0.0,RHZB,65,4.72,True
2025-06-15 05:40:05,06-15-2025 05:37:07,154045,MHT3 Northwest School Manchester,PA-II-SD,7.02,42.999123,-71.48408,240,60,0,06-15-2025 05:40:01,14.2,14.0,0.2,1.0,0.4,0.4,0.0,Passed,14.1,64,0,64.0,0.0,0,0.0,RHZB,64,6.28,True
2025-06-15 05:40:05,06-15-2025 05:39:36,154425,MHT4 North End Manchester,PA-II-SD,7.02,43.023964,-71.46163,383,62,0,06-15-2025 05:40:01,14.6,13.2,1.4,10.0,0.7,0.2,111.0,Passed,13.9,65,0,65.0,0.0,0,0.0,RHZB,65,6.09,True
2025-06-15 05:40:05,06-15-2025 05:39:19,160753,KSC 42,PA-II,7.02,42.957714,-72.3163,521,63,0,06-15-2025 05:40:01,17.1,18.6,1.5,8.0,0.1,0.0,200.0,Passed,17.85,61,0,61.0,0.0,0,0.0,RHZB,61,8.78,True
2025-06-15 05:40:05,06-15-2025 05:39:02,175137,MHT9 Hanover Street,PA-II-FLEX,7.04,42.990227,-71.43767,357,65,65,06-15-2025 05:40:01,9.5,10.0,0.5,5.0,0.0,0.1,200.0,Passed,9.75,59,59,0.0,0.0,0.0,0.0,Passed,59.0,3.98,True
2025-06-15 05:40:05,06-15-2025 05:39:07,251685,Pembroke_CAMP_Test_BM7,PA-II-SD,7.02,43.13258,-71.4596,211,60,0,06-15-2025 05:40:01,17.7,15.7,2.0,12.0,0.3,0.5,50.0,Passed,16.7,67,0,67.0,0.0,0,0.0,RHZB,67,7.66,True
2025-06-15 05:40:05,06-15-2025 05:39:35,196631,We Share The Air,PA-II-FLEX,7.04,43.18085,-70.866714,140,62,62,06-15-2025 05:40:01,11.9,12.6,0.7,6.0,0.1,0.1,0.0,Passed,12.25,58,58,0.0,0.0,0.0,0.0,Passed,58.0,5.57,True
2025-06-15 05:40:05,06-15-2025 05:38:54,200757,Sutton Mills,PA-II-ZEN,7.04,43.33507,-71.95151,750,67,67,06-15-2025 05:40:01,22.5,22.9,0.4,2.0,0.1,0.0,200.0,Passed,22.7,52,52,0.0,1.0,1.0,0.0,Passed,52.0,12.37,True
2025-06-15 05:40:05,06-15-2025 05:38:54,220415,Nashua 1,PA-II-ZEN,7.04,42.75815,-71.4652,151,66,66,06-15-2025 05:40:01,11.6,11.8,0.2,2.0,0.5,0.4,22.0,Passed,11.7,56,56,0.0,1.0,1.0,0.0,Passed,56.0,5.38,True
2025-06-15 05:40:05,06-15-2025 05:39:04,221421,Nashua 2,PA-II-ZEN,7.04,42.7496,-71.51419,198,67,67,06-15-2025 05:40:01,12.6,11.9,0.7,6.0,0.1,0.0,200.0,Passed,12.25,52,52,0.0,1.0,1.0,0.0,Passed,52.0,5.99,True
2025-06-15 05:40:05,06-15-2025 05:39:18,244091,Center Harbor Fire Station,PA-II-FLEX,7.04,43.708385,-71.46329,558,65,65,06-15-2025 05:40:01,23.4,21.8,1.6,7.0,0.2,0.2,0.0,Passed,22.6,59,59,0.0,0.0,0.0,0.0,Passed,59.0,11.82,True
2025-06-15 05:40:05,06-15-2025 05:38:27,251687,Pembroke_CAMP_Test_BM8,PA-II-SD,7.02,43.132607,-71.45935,213,59,0,06-15-2025 05:40:01,0.0,18.4,18.4,200.0,0.0,0.2,200.0,QQ,,71,0,71.0,1.0,0,1.0,RHZB,71,,True
2025-06-15 05:40:05,06-15-2025 05:39:19,154001,MHT7 Hayward Street,PA-II-SD,7.02,42.980053,-71.44131,297,64,0,06-15-2025 05:40:01,11.7,9.8,1.9,18.0,0.1,0.1,0.0,Passed,10.75,62,0,62.0,0.0,0,0.0,RHZB,62,4.38,True
2025-06-15 05:40:05,05-02-2025 12:16:47,194263,Pembroke_CAMP_40,PA-II-FLEX,7.04,43.13209,-71.46017,204,67,67,06-15-2025 05:40:01,11.8,11.9,0.1,1.0,0.0,0.0,0,T,T,,50,50,0,0.0,0.0,Passed,,,True
2025-06-15 05:40:05,06-15-2025 05:39:15,153987,MHT 6 UU Church,PA-II-SD,7.02,42.998104,-71.45816,250,62,0,06-15-2025 05:40:01,12.1,12.3,0.2,2.0,0.2,0.0,200.0,Passed,12.2,62,0,62.0,0.0,0,0.0,RHZB,62,5.26,True
2025-06-15 05:40:05,06-15-2025 05:39:16,189581,New Hampton,PA-II-FLEX,7.04,43.6174,-71.6282,523,65,65,06-15-2025 05:40:01,27.0,36.6,9.6,30.0,1.5,1.6,6.0,Passed,31.8,51,51,0.0,0.0,0.0,0.0,Passed,51.0,17.99,True
2025-06-15 05:40:05,06-15-2025 05:36:08,153764,Pembroke_CAMP_Test_BM38,PA-II-SD,7.02,43.13242,-71.45837,231,59,0,06-15-2025 05:40:01,20.6,18.8,1.8,9.0,0.6,0.6,0.0,Passed,19.7,70,0,70.0,1.0,0,1.0,RHZB,70,9.28,True
2025-06-15 05:40:05,06-15-2025 05:39:24,153768,Pembroke_CAMP_Test_BM36,PA-II-SD,7.02,43.13242,-71.458534,229,59,0,06-15-2025 05:40:01,17.8,19.2,1.4,8.0,0.1,0.3,100.0,Passed,18.5,66,0,66.0,1.0,0,1.0,RHZB,66,8.82,True
2025-06-15 05:40:05,06-15-2025 05:39:18,1202,KSC 19,PA-II,6.06b,42.936554,-72.27102,488,66,0,06-15-2025 05:40:01,15.3,13.3,2.0,14.0,0.1,0.1,0.0,Passed,14.3,86,0,86.0,1.0,0,1.0,RHZB,86,4.86,True
2025-06-15 05:40:05,06-15-2025 05:38:49,267191,Pembroke_CAMP_Test_BM25,PA-II-SD,7.02,43.132614,-71.459175,220,59,0,06-15-2025 05:40:01,18.3,17.0,1.3,7.0,0.3,0.8,91.0,Passed,17.65,66,0,66.0,1.0,0,1.0,RHZB,66,8.31,True
2025-06-15 05:40:05,06-15-2025 05:39:24,267199,Pembroke_CAMP_Test_BM30,PA-II-SD,7.02,43.13262,-71.4584,229,59,0,06-15-2025 05:40:01,17.0,18.7,1.7,10.0,0.6,0.0,200.0,Passed,17.85,70,0,70.0,0.0,0,0.0,RHZB,70,8.15,True
2025-06-15 05:40:05,06-15-2025 05:38:26,267193,Pembroke_CAMP_Test_BM26,PA-II-SD,7.02,43.13261,-71.45895,230,59,0,06-15-2025 05:40:01,18.7,17.7,1.0,5.0,0.8,0.2,120.0,Passed,18.2,67,0,67.0,0.0,0,0.0,RHZB,67,8.57,True
2025-06-15 05:40:05,06-15-2025 05:38:27,273601,Heavens Plateau,PA-II-ZEN,7.04,43.520084,-71.81902,960,63,63,06-15-2025 05:40:01,18.4,19.5,1.1,6.0,0.3,0.4,29.0,Passed,18.95,53,53,0.0,3.0,3.0,0.0,Passed,53.0,10.01,True
2025-06-15 05:40:05,06-15-2025 05:37:41,12208,KSC 11,PA-II,7.02,42.94131,-72.28043,507,67,0,06-15-2025 05:40:01,15.1,15.4,0.3,2.0,0.1,0.1,0.0,Passed,15.25,54,0,54.0,0.0,0,0.0,RHZB,54,7.68,True
2025-06-15 05:40:05,06-15-2025 05:36:08,267195,Pembroke_CAMP_Test_BM28,PA-II-SD,7.02,43.132614,-71.45872,231,58,0,06-15-2025 05:40:01,17.9,17.7,0.2,1.0,0.3,0.4,29.0,Passed,17.8,71,0,71.0,1.0,0,1.0,RHZB,71,8.05,True
2025-06-15 05:40:05,06-15-2025 05:38:23,115703,"Waterville Valley, NH",PA-II,7.02,43.953625,-71.50886,1493,54,0,06-15-2025 05:40:01,10.0,11.7,1.7,16.0,0.2,0.2,0.0,Passed,10.85,66,0,66.0,0.0,0,0.0,RHZB,66,4.16,True
2025-06-15 05:40:05,06-15-2025 05:38:56,137660,"Richmond Road, Troy",PA-II,7.02,42.819466,-72.20832,1272,60,0,06-15-2025 05:40:01,11.6,8.8,2.8,27.0,0.1,0.4,120.0,Passed,10.2,72,0,72.0,1.0,0,1.0,RHZB,72,3.34,True
2025-06-15 05:40:05,06-15-2025 05:38:52,143456,Junder22,PA-II,7.02,43.08963,-71.50244,619,59,0,06-15-2025 05:40:01,15.2,14.8,0.4,3.0,0.6,0.5,18.0,Passed,15.0,70,0,70.0,0.0,0,0.0,RHZB,70,6.41,True
2025-06-15 05:40:05,06-15-2025 05:38:16,153512,MHT5 Northest Manchester- Cutler Lane,PA-II-SD,7.02,43.01304,-71.41953,495,61,0,06-15-2025 05:40:01,10.5,9.8,0.7,7.0,0.7,0.5,33.0,Passed,10.15,65,0,65.0,0.0,0,0.0,RHZB,65,3.8,True
2025-06-15 05:40:05,06-15-2025 05:38:48,153734,Pembroke_CAMP_Test_BM33,PA-II-SD,7.02,43.132404,-71.458824,231,59,0,06-15-2025 05:40:01,18.4,19.5,1.1,6.0,0.1,0.0,200.0,Passed,18.95,69,0,69.0,0.0,0,0.0,RHZB,69,8.89,True
2025-06-15 05:40:05,06-15-2025 05:39:24,153750,Pembroke_CAMP_Test_BM32,PA-II-SD,7.02,43.132385,-71.458916,230,60,0,06-15-2025 05:40:01,17.7,18.2,0.5,3.0,0.4,0.3,29.0,Passed,17.95,64,0,64.0,0.0,0,0.0,RHZB,64,8.63,True
2025-06-15 05:40:05,06-05-2025 09:55:16,275390,Murphy Dam,PA-II-FLEX,7.02,45.050266,-71.38472,1333,89,89,06-15-2025 05:40:01,32.0,31.0,1.0,3.0,0.0,0.0,0,T,T,,37,37,0,0.0,0.0,Passed,,,True
2025-06-15 05:50:06,06-15-2025 05:49:02,175137,MHT9 Hanover Street,PA-II-FLEX,7.04,42.990227,-71.43767,357,65,65,06-15-2025 05:50:01,9.7,10.1,0.4,4.0,0.2,0.1,67.0,Passed,9.9,59,59,0.0,0.0,0.0,0.0,Passed,59.0,4.07,True
2025-06-15 05:50:06,06-15-2025 05:47:51,154041,MHT2 Glosser/Parkside School2 Manchester,PA-II-SD,7.02,42.988956,-71.47882,190,61,0,06-15-2025 05:50:01,11.2,11.3,0.1,1.0,0.3,0.5,50.0,Passed,11.25,65,0,65.0,0.0,0,0.0,RHZB,65,4.47,True
2025-06-15 05:50:06,06-15-2025 05:49:06,154045,MHT3 Northwest School Manchester,PA-II-SD,7.02,42.999123,-71.48408,240,61,0,06-15-2025 05:50:01,14.2,13.9,0.3,2.0,0.0,0.1,200.0,Passed,14.05,64,0,64.0,0.0,0,0.0,RHZB,64,6.25,True
2025-06-15 05:50:06,06-15-2025 05:49:36,154425,MHT4 North End Manchester,PA-II-SD,7.02,43.023964,-71.46163,383,62,0,06-15-2025 05:50:01,14.8,13.7,1.1,8.0,0.2,0.5,86.0,Passed,14.25,65,0,65.0,0.0,0,0.0,RHZB,65,6.3,True
2025-06-15 05:50:06,06-15-2025 05:49:19,160753,KSC 42,PA-II,7.02,42.957714,-72.3163,521,63,0,06-15-2025 05:50:01,17.0,18.2,1.2,7.0,0.1,0.4,120.0,Passed,17.6,61,0,61.0,0.0,0,0.0,RHZB,61,8.63,True
2025-06-15 05:50:06,06-15-2025 05:48:54,187097,Convergent,PA-II-FLEX,7.04,42.758415,-71.65097,605,67,67,06-15-2025 05:50:01,15.6,14.5,1.1,7.0,0.6,0.1,143.0,Passed,15.05,57,57,0.0,0.0,0.0,0.0,Passed,57.0,7.35,True
2025-06-15 05:50:06,06-15-2025 05:49:18,244091,Center Harbor Fire Station,PA-II-FLEX,7.04,43.708385,-71.46329,558,65,65,06-15-2025 05:50:01,23.7,21.7,2.0,9.0,0.3,0.1,100.0,Passed,22.7,58,58,0.0,1.0,1.0,0.0,Passed,58.0,11.95,True
2025-06-15 05:50:06,05-02-2025 12:16:47,194263,Pembroke_CAMP_40,PA-II-FLEX,7.04,43.13209,-71.46017,204,67,67,06-15-2025 05:50:01,11.8,11.9,0.1,1.0,0.0,0.0,0,T,T,,50,50,0,0.0,0.0,Passed,,,True
2025-06-15 05:50:06,06-15-2025 05:49:36,196631,We Share The Air,PA-II-FLEX,7.04,43.18085,-70.866714,140,63,63,06-15-2025 05:50:01,12.0,12.5,0.5,4.0,0.1,0.1,0.0,Passed,12.25,58,58,0.0,0.0,0.0,0.0,Passed,58.0,5.57,True
2025-06-15 05:50:06,06-15-2025 05:48:54,200757,Sutton Mills,PA-II-ZEN,7.04,43.33507,-71.95151,750,66,66,06-15-2025 05:50:01,22.7,22.7,0.0,0.0,0.2,0.2,0.0,Passed,22.7,52,52,0.0,0.0,0.0,0.0,Passed,52.0,12.37,True
2025-06-15 05:50:06,06-15-2025 05:48:53,220415,Nashua 1,PA-II-ZEN,7.04,42.75815,-71.4652,151,67,67,06-15-2025 05:50:01,11.5,11.6,0.1,1.0,0.1,0.2,67.0,Passed,11.55,55,55,0.0,1.0,1.0,0.0,Passed,55.0,5.36,True
2025-06-15 05:50:06,06-15-2025 05:49:04,221421,Nashua 2,PA-II-ZEN,7.04,42.7496,-71.51419,198,68,68,06-15-2025 05:50:01,12.3,12.1,0.2,2.0,0.3,0.2,40.0,Passed,12.2,51,51,0.0,1.0,1.0,0.0,Passed,51.0,6.03,True
2025-06-15 05:50:06,06-15-2025 05:49:19,154001,MHT7 Hayward Street,PA-II-SD,7.02,42.980053,-71.44131,297,64,0,06-15-2025 05:50:01,11.8,9.6,2.2,21.0,0.1,0.2,67.0,Passed,10.7,62,0,62.0,0.0,0,0.0,RHZB,62,4.35,True
2025-06-15 05:50:06,06-15-2025 05:49:16,189581,New Hampton,PA-II-FLEX,7.04,43.6174,-71.6282,523,65,65,06-15-2025 05:50:01,28.6,39.1,10.5,31.0,1.6,2.5,44.0,Passed,33.85,51,51,0.0,0.0,0.0,0.0,Passed,51.0,19.24,True
2025-06-15 05:50:06,06-15-2025 05:49:15,153987,MHT 6 UU Church,PA-II-SD,7.02,42.998104,-71.45816,250,62,0,06-15-2025 05:50:01,12.3,12.5,0.2,2.0,0.2,0.2,0.0,Passed,12.4,62,0,62.0,0.0,0,0.0,RHZB,62,5.38,True
2025-06-15 05:50:06,06-15-2025 05:48:23,115703,"Waterville Valley, NH",PA-II,7.02,43.953625,-71.50886,1493,53,0,06-15-2025 05:50:01,10.3,11.4,1.1,10.0,0.3,0.3,0.0,Passed,10.85,66,0,66.0,0.0,0,0.0,RHZB,66,4.16,True
2025-06-15 05:50:06,06-15-2025 05:48:08,153764,Pembroke_CAMP_Test_BM38,PA-II-SD,7.02,43.13242,-71.45837,231,60,0,06-15-2025 05:50:01,20.3,18.6,1.7,9.0,0.3,0.2,40.0,Passed,19.45,69,0,69.0,1.0,0,1.0,RHZB,69,9.19,True
2025-06-15 05:50:06,06-15-2025 05:48:27,251687,Pembroke_CAMP_Test_BM8,PA-II-SD,7.02,43.132607,-71.45935,213,60,0,06-15-2025 05:50:01,0.0,18.0,18.0,200.0,0.0,0.4,200.0,QQ,,70,0,70.0,1.0,0,1.0,RHZB,70,,True
2025-06-15 05:50:06,06-15-2025 05:49:18,1202,KSC 19,PA-II,6.06b,42.936554,-72.27102,488,66,0,06-15-2025 05:50:01,15.1,13.1,2.0,14.0,0.2,0.2,0.0,Passed,14.1,86,0,86.0,0.0,0,0.0,RHZB,86,4.74,True
2025-06-15 05:50:06,06-15-2025 05:48:49,267191,Pembroke_CAMP_Test_BM25,PA-II-SD,7.02,43.132614,-71.459175,220,60,0,06-15-2025 05:50:01,17.9,16.7,1.2,7.0,0.4,0.3,29.0,Passed,17.3,65,0,65.0,1.0,0,1.0,RHZB,65,8.16,True
2025-06-15 05:50:06,06-15-2025 05:49:24,267199,Pembroke_CAMP_Test_BM30,PA-II-SD,7.02,43.13262,-71.4584,229,60,0,06-15-2025 05:50:01,16.6,19.0,2.4,13.0,0.4,0.3,29.0,Passed,17.8,69,0,69.0,1.0,0,1.0,RHZB,69,8.19,True
2025-06-15 05:50:06,06-15-2025 05:48:26,267193,Pembroke_CAMP_Test_BM26,PA-II-SD,7.02,43.13261,-71.45895,230,60,0,06-15-2025 05:50:01,18.6,17.0,1.6,9.0,0.1,0.7,150.0,Passed,17.8,67,0,67.0,0.0,0,0.0,RHZB,67,8.33,True
2025-06-15 05:50:06,06-15-2025 05:48:08,267195,Pembroke_CAMP_Test_BM28,PA-II-SD,7.02,43.132614,-71.45872,231,59,0,06-15-2025 05:50:01,17.2,17.5,0.3,2.0,0.7,0.2,111.0,Passed,17.35,70,0,70.0,1.0,0,1.0,RHZB,70,7.84,True
2025-06-15 05:50:06,06-15-2025 05:49:24,153768,Pembroke_CAMP_Test_BM36,PA-II-SD,7.02,43.13242,-71.458534,229,60,0,06-15-2025 05:50:01,17.6,18.8,1.2,7.0,0.2,0.4,67.0,Passed,18.2,65,0,65.0,1.0,0,1.0,RHZB,65,8.71,True
2025-06-15 05:50:06,06-15-2025 05:48:27,273601,Heavens Plateau,PA-II-ZEN,7.04,43.520084,-71.81902,960,64,64,06-15-2025 05:50:01,17.9,19.3,1.4,8.0,0.5,0.2,86.0,Passed,18.6,52,52,0.0,1.0,1.0,0.0,Passed,52.0,9.87,True
2025-06-15 05:50:06,06-05-2025 09:55:16,275390,Murphy Dam,PA-II-FLEX,7.02,45.050266,-71.38472,1333,89,89,06-15-2025 05:50:01,32.0,31.0,1.0,3.0,0.0,0.0,0,T,T,,37,37,0,0.0,0.0,Passed,,,True
2025-06-15 05:50:06,06-15-2025 05:48:56,137660,"Richmond Road, Troy",PA-II,7.02,42.819466,-72.20832,1272,60,0,06-15-2025 05:50:01,11.3,8.4,2.9,29.0,0.3,0.4,29.0,Passed,9.85,72,0,72.0,0.0,0,0.0,RHZB,72,3.13,True
2025-06-15 05:50:06,06-15-2025 05:48:52,143456,Junder22,PA-II,7.02,43.08963,-71.50244,619,58,0,06-15-2025 05:50:01,15.2,15.1,0.1,1.0,0.0,0.3,200.0,Passed,15.15,70,0,70.0,0.0,0,0.0,RHZB,70,6.5,True
2025-06-15 05:50:06,06-15-2025 05:48:16,153512,MHT5 Northest Manchester- Cutler Lane,PA-II-SD,7.02,43.01304,-71.41953,495,61,0,06-15-2025 05:50:01,10.9,10.4,0.5,5.0,0.4,0.6,40.0,Passed,10.65,65,0,65.0,0.0,0,0.0,RHZB,65,4.11,True
2025-06-15 05:50:06,06-15-2025 05:48:48,153734,Pembroke_CAMP_Test_BM33,PA-II-SD,7.02,43.132404,-71.458824,231,60,0,06-15-2025 05:50:01,18.2,19.2,1.0,5.0,0.2,0.3,40.0,Passed,18.7,68,0,68.0,1.0,0,1.0,RHZB,68,8.81,True
2025-06-15 05:50:06,06-15-2025 05:49:24,153750,Pembroke_CAMP_Test_BM32,PA-II-SD,7.02,43.132385,-71.458916,230,60,0,06-15-2025 05:50:01,17.5,17.9,0.4,2.0,0.2,0.3,40.0,Passed,17.7,63,0,63.0,1.0,0,1.0,RHZB,63,8.55,True
2025-06-15 05:50:06,06-15-2025 05:47:41,12208,KSC 11,PA-II,7.02,42.94131,-72.28043,507,67,0,06-15-2025 05:50:01,15.0,15.4,0.4,3.0,0.1,0.0,200.0,Passed,15.2,55,0,55.0,1.0,0,1.0,RHZB,55,7.58,True
2025-06-15 05:50:06,06-15-2025 05:47:08,251685,Pembroke_CAMP_Test_BM7,PA-II-SD,7.02,43.13258,-71.4596,211,60,0,06-15-2025 05:50:01,17.6,15.4,2.2,13.0,0.1,0.3,100.0,Passed,16.5,67,0,67.0,0.0,0,0.0,RHZB,67,7.53,True
